x,y
0.1925,0.0025
0.1925,0.0075
0.1925,0.0125
0.1925,0.0175
0.1925,0.0225
0.1925,0.0275
0.1925,0.0325
0.1925,0.0375
0.1925,0.0425
0.1975,0.1975
0.201228,0.0127776
0.201229,0.0177702
0.203692,0.0232751
0.203693,0.0282532
0.206165,0.0336898
0.208644,0.0390746
0.21113,0.0444099
0.216112,0.0500234
0.218611,0.0552333
0.221114,0.0604018
0.223621,0.0655311
0.228636,0.0708058
0.231148,0.0758371
0.233662,0.0808375
0.238688,0.0858991
0.241203,0.0908234
0.24623,0.0957581
0.248744,0.100622
0.253768,0.105455
0.256278,0.110275
0.261296,0.115031
0.266309,0.119748
0.268812,0.124528
0.273816,0.129209
0.278814,0.133875
0.283807,0.138534
0.288794,0.143197
0.293777,0.147873
0.296261,0.167642
0.296263,0.162664
0.296264,0.157686
0.296266,0.152708
0.298773,0.007785
0.3025,0.1475
0.3025,0.1525
0.3025,0.1575
0.3075,0.1625
0.3175,0.1675
0.3225,0.0125
0.3225,0.1725
0.3275,0.0175
0.3275,0.1775
0.3375,0.0225
0.3375,0.1825
0.3425,0.0275
0.3475,0.0325
0.3475,0.0375
0.3475,0.1875
0.3525,0.0425
0.3575,0.0475
0.3575,0.1925
0.3625,0.0525
0.3675,0.0575
0.3675,0.1975
0.3725,0.0625
0.3775,0.0675
0.3825,0.0725
0.3875,0.0775
0.3875,0.0825
0.3925,0.0875
