x,y
0.1925,0.0025
0.1925,0.0075
0.1925,0.0125
0.1925,0.0175
0.1925,0.0225
0.1925,0.0275
0.1925,0.0325
0.1925,0.0375
0.1975,0.1975
0.201227,0.007785
0.201228,0.0127776
0.201229,0.0177702
0.203692,0.0232751
0.206163,0.0287253
0.208641,0.034123
0.211126,0.0394705
0.213616,0.0447699
0.216112,0.0500234
0.22111,0.0555036
0.223616,0.0606413
0.226125,0.0657413
0.231144,0.0709679
0.233658,0.0759737
0.238685,0.0810438
0.241201,0.0859711
0.243716,0.0908751
0.248743,0.0957745
0.251256,0.100622
0.25628,0.105425
0.258789,0.110233
0.263805,0.114964
0.268816,0.119659
0.271317,0.124434
0.276318,0.129098
0.281314,0.133751
0.288798,0.138258
0.291288,0.143057
0.296261,0.167642
0.296263,0.162664
0.296264,0.157686
0.296266,0.152708
0.296268,0.147729
0.3025,0.1425
0.3025,0.1475
0.3025,0.1525
0.3075,0.1575
0.3125,0.1625
0.3225,0.0125
0.3225,0.1675
0.3275,0.0175
0.3275,0.1725
0.3325,0.1775
0.3375,0.0225
0.3425,0.0275
0.3425,0.1825
0.3475,0.0325
0.3525,0.0375
0.3525,0.1875
0.3575,0.0425
0.3625,0.0475
0.3625,0.1925
0.3675,0.0525
0.3725,0.0575
0.3725,0.1975
0.3775,0.0625
0.3825,0.0675
0.3875,0.0725
0.3875,0.0775
0.3925,0.0825
0.3975,0.0875
