x,y
0.1925,0.0025
0.1925,0.0075
0.1925,0.0125
0.1925,0.0175
0.1925,0.0225
0.1925,0.0275
0.1925,0.0325
0.1975,0.1975
0.201227,0.007785
0.201228,0.0127776
0.20369,0.0182969
0.20616,0.0237608
0.208638,0.0291715
0.211122,0.0345311
0.213612,0.039842
0.218602,0.0454186
0.221105,0.0506054
0.223611,0.0557515
0.228627,0.0610553
0.23114,0.0660988
0.233655,0.0711099
0.238683,0.0761884
0.241199,0.0811188
0.243714,0.0860251
0.248743,0.0909268
0.25377,0.0957581
0.256281,0.100575
0.261302,0.105321
0.263808,0.110105
0.26882,0.11479
0.273825,0.119445
0.276323,0.124208
0.281318,0.128844
0.286308,0.133473
0.291291,0.138106
0.296263,0.162664
0.296264,0.157686
0.296266,0.152708
0.296268,0.147729
0.296269,0.142751
0.3025,0.1375
0.3025,0.1425
0.3025,0.1475
0.3075,0.1525
0.3125,0.1575
0.3175,0.1625
0.3225,0.0125
0.3275,0.1675
0.3325,0.0175
0.3325,0.1725
0.3375,0.0225
0.3375,0.1775
0.3425,0.0275
0.3475,0.1825
0.3525,0.0325
0.3575,0.0375
0.3575,0.1875
0.3625,0.0425
0.3675,0.0475
0.3675,0.1925
0.3725,0.0525
0.3775,0.0575
0.3775,0.1975
0.3825,0.0625
0.3875,0.0675
0.3925,0.0725
0.3975,0.0775
0.3975,0.0825
