x,y
0.201227,0.0027924
0.201227,0.007785
0.203688,0.0133187
0.206158,0.0187963
0.208635,0.0242199
0.211118,0.0295918
0.216098,0.0352717
0.218597,0.0405113
0.2211,0.0457072
0.223607,0.0508617
0.228623,0.05618
0.231136,0.0612297
0.236164,0.0663724
0.23868,0.0713331
0.241196,0.0762666
0.246227,0.0812127
0.248743,0.0860791
0.253771,0.0909096
0.258795,0.0956757
0.261304,0.100465
0.26632,0.105156
0.268824,0.109921
0.27383,0.114563
0.278829,0.11918
0.283821,0.123782
0.286312,0.128545
0.291294,0.133154
0.296264,0.157686
0.296266,0.152708
0.296268,0.147729
0.296269,0.142751
0.296271,0.137773
0.3025,0.1325
0.3025,0.1375
0.3025,0.1425
0.3075,0.1475
0.3125,0.1525
0.3175,0.1575
0.3225,0.0125
0.3225,0.1625
0.3325,0.0175
0.3325,0.1675
0.3375,0.0225
0.3375,0.1725
0.3475,0.0275
0.3475,0.1775
0.3525,0.1825
0.3575,0.0325
0.3625,0.0375
0.3625,0.1875
0.3675,0.0425
0.3725,0.0475
0.3725,0.1925
0.3775,0.0525
0.3825,0.0575
0.3875,0.0625
0.3875,0.1975
0.3925,0.0675
0.3975,0.0725
0.4025,0.0775
