x,y
0.201227,0.0027924
0.203687,0.00834053
0.206155,0.0138318
0.208631,0.0192684
0.211114,0.0246524
0.213604,0.0299861
0.218592,0.035604
0.221096,0.0408091
0.223602,0.045972
0.228619,0.0513048
0.231132,0.0563605
0.23616,0.0615133
0.238677,0.0664777
0.24371,0.0714752
0.246226,0.0763642
0.251258,0.0812315
0.253772,0.0860611
0.258797,0.0908234
0.261307,0.0956098
0.266324,0.100293
0.271334,0.104933
0.273834,0.10968
0.278833,0.114282
0.283825,0.118865
0.286316,0.123617
0.293787,0.128015
0.296266,0.152708
0.296268,0.147729
0.296269,0.142751
0.296271,0.137773
0.296273,0.132795
0.3025,0.1325
0.3025,0.1375
0.3075,0.1425
0.3125,0.1475
0.3175,0.1525
0.3225,0.0125
0.3225,0.1575
0.3325,0.0175
0.3325,0.1625
0.3375,0.0225
0.3375,0.1675
0.3425,0.1725
0.3475,0.0275
0.3525,0.1775
0.3575,0.0325
0.3625,0.1825
0.3675,0.0375
0.3675,0.1875
0.3725,0.0425
0.3775,0.0475
0.3775,0.1925
0.3825,0.0525
0.3875,0.0575
0.3925,0.0625
0.3925,0.1975
0.3975,0.0675
0.4025,0.0725
0.4075,0.0775
