x,y
0.203685,0.00336236
0.203687,0.00834053
0.206155,0.0138318
0.211111,0.019713
0.213599,0.0250581
0.216094,0.0303544
0.221091,0.0359109
0.223597,0.0410822
0.226107,0.0462127
0.231129,0.0514914
0.233644,0.0565186
0.238675,0.0616224
0.241192,0.066562
0.246226,0.0715158
0.248742,0.0763838
0.253773,0.0812127
0.256286,0.0860251
0.261309,0.0907545
0.263818,0.0955275
0.268832,0.100183
0.273839,0.104798
0.276337,0.109539
0.281332,0.114121
0.28632,0.118689
0.291301,0.123251
0.296268,0.147729
0.296269,0.142751
0.296271,0.137773
0.296273,0.132795
0.296274,0.127817
0.3025,0.1275
0.3025,0.1325
0.3025,0.1375
0.3125,0.1425
0.3175,0.1475
0.3225,0.1525
0.3275,0.0125
0.3275,0.1575
0.3325,0.0175
0.3375,0.1625
0.3425,0.0225
0.3425,0.1675
0.3475,0.0275
0.3475,0.1725
0.3575,0.0325
0.3575,0.1775
0.3675,0.0375
0.3675,0.1825
0.3725,0.1875
0.3775,0.0425
0.3825,0.0475
0.3825,0.1925
0.3875,0.0525
0.3925,0.0575
0.3975,0.0625
0.3975,0.1975
0.4025,0.0675
0.4075,0.0725
