x,y
0.20615,0.00390282
0.206153,0.00886731
0.208628,0.0143168
0.211111,0.019713
0.216089,0.0254371
0.218588,0.0306966
0.223593,0.0361924
0.226102,0.0413306
0.231125,0.0466223
0.23364,0.0516548
0.238672,0.056767
0.24119,0.0617097
0.246225,0.0666673
0.248742,0.0715361
0.253774,0.0763642
0.258801,0.0811188
0.261312,0.0858991
0.266331,0.090565
0.268836,0.0953136
0.273843,0.0999162
0.278843,0.104485
0.281337,0.109214
0.286324,0.113761
0.291304,0.118299
0.296269,0.142751
0.296271,0.137773
0.296273,0.132795
0.296274,0.127817
0.296276,0.122838
0.3025,0.1225
0.3025,0.1275
0.3025,0.1325
0.3075,0.1375
0.3175,0.1425
0.3225,0.1475
0.3275,0.0125
0.3275,0.1525
0.3325,0.1575
0.3375,0.0175
0.3425,0.0225
0.3425,0.1625
0.3475,0.1675
0.3525,0.0275
0.3525,0.1725
0.3575,0.0325
0.3625,0.1775
0.3675,0.0375
0.3725,0.1825
0.3775,0.0425
0.3825,0.1875
0.3875,0.0475
0.3875,0.1925
0.3925,0.0525
0.3975,0.0575
0.4025,0.0625
0.4025,0.1975
0.4075,0.0675
