x,y
0.203685,0.00336236
0.208625,0.00936524
0.211107,0.0147736
0.216084,0.0205199
0.218583,0.0257893
0.223588,0.0313026
0.226098,0.0364484
0.231121,0.0417532
0.236151,0.0469357
0.238669,0.0519117
0.246223,0.0569704
0.248741,0.0618407
0.253775,0.0666673
0.25629,0.0714752
0.261317,0.0761884
0.263827,0.08095
0.268844,0.0855753
0.273852,0.0901519
0.276351,0.0948697
0.281347,0.0993994
0.288821,0.108622
0.288825,0.103682
0.296273,0.132795
0.296274,0.127817
0.296276,0.122838
0.296277,0.11786
0.296279,0.112882
0.3025,0.1125
0.3025,0.1175
0.3025,0.1225
0.3075,0.1275
0.3175,0.1325
0.3225,0.1375
0.3275,0.0125
0.3275,0.1425
0.3325,0.1475
0.3375,0.0175
0.3375,0.1525
0.3425,0.0225
0.3475,0.1575
0.3525,0.0275
0.3525,0.1625
0.3575,0.1675
0.3625,0.0325
0.3675,0.1725
0.3725,0.0375
0.3775,0.0425
0.3775,0.1775
0.3825,0.1825
0.3875,0.0475
0.3925,0.1875
0.3975,0.0525
0.4025,0.1925
0.4075,0.0575
0.4175,0.1975
