x,y
0.203685,0.00336236
0.208625,0.00936524
0.211107,0.0147736
0.216084,0.0205199
0.221081,0.0261145
0.226093,0.0315663
0.228606,0.036679
0.233633,0.0419273
0.236151,0.0469357
0.241186,0.0520051
0.248741,0.056993
0.251259,0.0618407
0.256292,0.0666252
0.258806,0.0714143
0.26383,0.0760908
0.266338,0.0808375
0.271351,0.0854315
0.278852,0.0946891
0.278857,0.0897909
0.283843,0.0991961
0.291314,0.103445
0.293797,0.108157
0.296274,0.127817
0.296276,0.122838
0.296277,0.11786
0.296279,0.112882
0.3025,0.1075
0.3025,0.1125
0.3025,0.1175
0.3075,0.1225
0.3125,0.1275
0.3175,0.1325
0.3225,0.1375
0.3275,0.0125
0.3325,0.1425
0.3375,0.0175
0.3375,0.1475
0.3425,0.0225
0.3425,0.1525
0.3475,0.1575
0.3575,0.0275
0.3575,0.1625
0.3625,0.0325
0.3625,0.1675
0.3725,0.0375
0.3725,0.1725
0.3825,0.0425
0.3825,0.1775
0.3875,0.1825
0.3925,0.0475
0.3975,0.1875
0.4025,0.0525
0.4025,0.1925
0.4225,0.1975
