x,y
0.203685,0.00336236
0.208625,0.00936524
0.213591,0.0152023
0.218578,0.0208819
0.221081,0.0261145
0.226093,0.0315663
0.231117,0.036884
0.236148,0.0420765
0.241184,0.0471528
0.243704,0.0520752
0.251259,0.056993
0.253776,0.0618189
0.258808,0.066562
0.263833,0.0712316
0.266342,0.0759737
0.271355,0.0805563
0.27636,0.0850902
0.278857,0.0897909
0.283848,0.0942788
0.291317,0.0984932
0.2938,0.103193
0.296274,0.127817
0.296276,0.122838
0.296277,0.11786
0.296279,0.112882
0.296281,0.107904
0.3025,0.1025
0.3025,0.1075
0.3025,0.1125
0.3075,0.1175
0.3125,0.1225
0.3175,0.1275
0.3225,0.1325
0.3275,0.0125
0.3325,0.1375
0.3375,0.0175
0.3375,0.1425
0.3425,0.1475
0.3475,0.0225
0.3475,0.1525
0.3525,0.0275
0.3575,0.1575
0.3625,0.0325
0.3625,0.1625
0.3725,0.0375
0.3725,0.1675
0.3775,0.1725
0.3825,0.0425
0.3875,0.1775
0.3925,0.0475
0.3925,0.1825
0.4025,0.1875
0.4125,0.1925
0.4275,0.1975
