x,y
0.203685,0.00336236
0.208625,0.00936524
0.213591,0.0152023
0.218578,0.0208819
0.223583,0.0264128
0.228602,0.0318037
0.231117,0.036884
0.238664,0.042201
0.241184,0.0471528
0.246222,0.0521219
0.253777,0.0569704
0.256293,0.0617752
0.261323,0.0664777
0.263833,0.0712316
0.268852,0.0758371
0.276365,0.0802004
0.281361,0.0846774
0.283852,0.0893616
0.288832,0.0938036
0.293802,0.0982281
0.296276,0.122838
0.296277,0.11786
0.296279,0.112882
0.296281,0.107904
0.296282,0.102926
0.3025,0.0975
0.3025,0.1025
0.3025,0.1075
0.3075,0.1125
0.3125,0.1175
0.3175,0.1225
0.3225,0.1275
0.3275,0.0125
0.3325,0.1325
0.3375,0.0175
0.3375,0.1375
0.3425,0.1425
0.3475,0.0225
0.3475,0.1475
0.3525,0.1525
0.3575,0.0275
0.3625,0.1575
0.3675,0.0325
0.3675,0.1625
0.3775,0.0375
0.3775,0.1675
0.3825,0.1725
0.3875,0.0425
0.3925,0.1775
0.3975,0.1825
0.4075,0.1875
0.4175,0.1925
0.4325,0.1975
