x,y
0.203685,0.00336236
0.211103,0.00983427
0.213591,0.0152023
0.218578,0.0208819
0.226089,0.0266842
0.228602,0.0318037
0.23363,0.0370635
0.238664,0.042201
0.243702,0.0472252
0.251259,0.0521453
0.253777,0.0569704
0.25881,0.0617097
0.266349,0.0662461
0.268856,0.0709679
0.273866,0.0755055
0.276365,0.0802004
0.281361,0.0846774
0.288836,0.0888642
0.29132,0.0935417
0.296277,0.11786
0.296279,0.112882
0.296281,0.107904
0.296282,0.102926
0.296284,0.0979476
0.3025,0.0975
0.3025,0.1025
0.3075,0.1075
0.3125,0.1125
0.3175,0.1175
0.3225,0.1225
0.3275,0.1275
0.3325,0.0125
0.3325,0.1325
0.3375,0.0175
0.3425,0.1375
0.3475,0.0225
0.3475,0.1425
0.3525,0.1475
0.3575,0.0275
0.3575,0.1525
0.3675,0.0325
0.3675,0.1575
0.3725,0.1625
0.3775,0.0375
0.3825,0.1675
0.3875,0.0425
0.3875,0.1725
0.3975,0.1775
0.4025,0.1825
0.4175,0.1875
0.4275,0.1925
0.4375,0.1975
