x,y
0.203685,0.00336236
0.211103,0.00983427
0.21608,0.0156026
0.221077,0.0212163
0.226089,0.0266842
0.231113,0.0320149
0.23363,0.0370635
0.241182,0.0423005
0.246221,0.0472735
0.248741,0.0521453
0.256295,0.0569252
0.261325,0.0616224
0.263836,0.0663724
0.271364,0.0708058
0.27637,0.0753106
0.278867,0.0799945
0.28635,0.0841934
0.291323,0.0885901
0.296279,0.112882
0.296281,0.107904
0.296282,0.102926
0.296284,0.0979476
0.296286,0.0929695
0.3025,0.0925
0.3025,0.0975
0.3025,0.1025
0.3075,0.1075
0.3175,0.1125
0.3225,0.1175
0.3275,0.1225
0.3325,0.0125
0.3325,0.1275
0.3375,0.0175
0.3375,0.1325
0.3425,0.1375
0.3475,0.0225
0.3525,0.1425
0.3575,0.1475
0.3625,0.0275
0.3625,0.1525
0.3675,0.0325
0.3725,0.1575
0.3775,0.0375
0.3775,0.1625
0.3875,0.0425
0.3875,0.1675
0.3925,0.1725
0.4025,0.1775
0.4075,0.1825
0.4175,0.1875
0.4275,0.1925
0.4425,0.1975
