x,y
0.203685,0.00336236
0.211103,0.00983427
0.21608,0.0156026
0.223579,0.0215231
0.231109,0.0271458
0.233626,0.0321997
0.238662,0.0373456
0.24622,0.042425
0.253779,0.0472735
0.256296,0.0520752
0.263843,0.0566541
0.268864,0.0612297
0.271368,0.0659305
0.276375,0.0704208
0.283866,0.0746098
0.286354,0.0792655
0.296282,0.102926
0.296284,0.0979476
0.296286,0.0929695
0.296287,0.0879913
0.296289,0.0830131
0.3025,0.0825
0.3025,0.0875
0.3025,0.0925
0.3125,0.0975
0.3175,0.1025
0.3225,0.1075
0.3275,0.1125
0.3375,0.0125
0.3375,0.1175
0.3425,0.0175
0.3425,0.1225
0.3475,0.1275
0.3525,0.0225
0.3525,0.1325
0.3625,0.0275
0.3625,0.1375
0.3675,0.1425
0.3725,0.0325
0.3775,0.1475
0.3825,0.0375
0.3825,0.1525
0.3875,0.1575
0.3925,0.1625
0.4025,0.1675
0.4125,0.1725
0.4175,0.1775
0.4275,0.1825
0.4375,0.1875
0.4475,0.1925
0.4625,0.1975
