x,y
0.203685,0.00336236
0.213587,0.0102743
0.218574,0.0159746
0.226084,0.021802
0.228597,0.0269285
0.233626,0.0321997
0.24118,0.0374482
0.24874,0.0424499
0.25126,0.0472976
0.258814,0.0520051
0.263843,0.0566541
0.271373,0.0610553
0.273875,0.0657413
0.278876,0.0701982
0.286358,0.0743376
0.29133,0.078687
0.296282,0.102926
0.296284,0.0979476
0.296286,0.0929695
0.296287,0.0879913
0.296289,0.0830131
0.3025,0.0825
0.3025,0.0875
0.3075,0.0925
0.3125,0.0975
0.3175,0.1025
0.3275,0.1075
0.3325,0.1125
0.3375,0.0125
0.3375,0.1175
0.3425,0.0175
0.3425,0.1225
0.3525,0.1275
0.3575,0.0225
0.3575,0.1325
0.3625,0.0275
0.3675,0.1375
0.3725,0.0325
0.3725,0.1425
0.3775,0.1475
0.3825,0.0375
0.3825,0.1525
0.3925,0.1575
0.4025,0.1625
0.4075,0.1675
0.4175,0.1725
0.4225,0.1775
0.4325,0.1825
0.4425,0.1875
0.4525,0.1925
0.4675,0.1975
