x,y
0.203685,0.00336236
0.211103,0.00983427
0.218574,0.0159746
0.223579,0.0215231
0.231109,0.0271458
0.238659,0.0324903
0.24118,0.0374482
0.24622,0.042425
0.253779,0.0472735
0.261331,0.0519117
0.263843,0.0566541
0.271373,0.0610553
0.276379,0.0655311
0.28387,0.0696925
0.286358,0.0743376
0.296284,0.0979476
0.296286,0.0929695
0.296287,0.0879913
0.296289,0.0830131
0.29629,0.0780349
0.3025,0.0775
0.3025,0.0825
0.3025,0.0875
0.3075,0.0925
0.3175,0.0975
0.3225,0.1025
0.3275,0.1075
0.3375,0.0125
0.3375,0.1125
0.3425,0.1175
0.3475,0.0175
0.3525,0.1225
0.3575,0.0225
0.3575,0.1275
0.3675,0.0275
0.3675,0.1325
0.3675,0.1375
0.3775,0.0325
0.3775,0.1425
0.3825,0.1475
0.3875,0.0375
0.3925,0.1525
0.3975,0.1575
0.4075,0.1625
0.4125,0.1675
0.4225,0.1725
0.4325,0.1775
0.4375,0.1825
0.4475,0.1875
0.4575,0.1925
0.4725,0.1975
