x,y
0.20615,0.00390282
0.213587,0.0102743
0.221072,0.0163182
0.226084,0.021802
0.231109,0.0271458
0.236142,0.0323582
0.243699,0.0375252
0.25126,0.0424499
0.258816,0.0471528
0.261331,0.0519117
0.266356,0.0565186
0.27388,0.0608591
0.281379,0.065048
0.28387,0.0696925
0.288847,0.0740461
0.296284,0.0979476
0.296286,0.0929695
0.296287,0.0879913
0.296289,0.0830131
0.29629,0.0780349
0.3025,0.0775
0.3025,0.0825
0.3075,0.0875
0.3125,0.0925
0.3175,0.0975
0.3275,0.1025
0.3325,0.1075
0.3375,0.0125
0.3425,0.1125
0.3475,0.0175
0.3475,0.1175
0.3525,0.1225
0.3575,0.0225
0.3625,0.1275
0.3675,0.0275
0.3675,0.1325
0.3775,0.0325
0.3775,0.1375
0.3825,0.1425
0.3875,0.1475
0.3925,0.0375
0.3975,0.1525
0.4025,0.1575
0.4125,0.1625
0.4175,0.1675
0.4275,0.1725
0.4375,0.1775
0.4425,0.1825
0.4575,0.1875
0.4625,0.1925
0.4775,0.1975
