x,y
0.203685,0.00336236
0.211103,0.00983427
0.218574,0.0159746
0.226084,0.021802
0.233622,0.0273359
0.238659,0.0324903
0.246219,0.0375766
0.24874,0.0424499
0.256298,0.0472252
0.263846,0.0517949
0.268868,0.0563605
0.276384,0.0606413
0.278881,0.0653
0.286363,0.0694096
0.291333,0.0737355
0.296284,0.0979476
0.296286,0.0929695
0.296287,0.0879913
0.296289,0.0830131
0.29629,0.0780349
0.3025,0.0725
0.3025,0.0775
0.3025,0.0825
0.3075,0.0875
0.3175,0.0925
0.3225,0.0975
0.3275,0.1025
0.3375,0.0125
0.3375,0.1075
0.3425,0.1125
0.3475,0.0175
0.3525,0.1175
0.3575,0.0225
0.3575,0.1225
0.3675,0.1275
0.3725,0.0275
0.3725,0.1325
0.3775,0.0325
0.3775,0.1375
0.3875,0.1425
0.3925,0.1475
0.4025,0.1525
0.4075,0.1575
0.4175,0.1625
0.4225,0.1675
0.4325,0.1725
0.4425,0.1775
0.4475,0.1825
0.4575,0.1875
0.4725,0.1925
0.4825,0.1975
