x,y
0.203685,0.00336236
0.216075,0.0106853
0.223574,0.0166333
0.228593,0.0220532
0.231109,0.0271458
0.238659,0.0324903
0.246219,0.0375766
0.25126,0.0424499
0.258816,0.0471528
0.26636,0.0516548
0.268868,0.0563605
0.276384,0.0606413
0.281379,0.065048
0.288851,0.0691067
0.293815,0.0734057
0.296286,0.0929695
0.296287,0.0879913
0.296289,0.0830131
0.29629,0.0780349
0.3025,0.0725
0.3025,0.0775
0.3075,0.0825
0.3125,0.0875
0.3175,0.0925
0.3275,0.0975
0.3325,0.1025
0.3425,0.0125
0.3425,0.1075
0.3475,0.0175
0.3475,0.1125
0.3575,0.1175
0.3625,0.0225
0.3625,0.1225
0.3675,0.1275
0.3725,0.0275
0.3775,0.1325
0.3825,0.0325
0.3825,0.1375
0.3925,0.1425
0.3975,0.1475
0.4075,0.1525
0.4175,0.1575
0.4225,0.1625
0.4275,0.1675
0.4375,0.1725
0.4475,0.1775
0.4525,0.1825
0.4625,0.1875
0.4725,0.1925
0.4875,0.1975
