x,y
0.208622,0.00441369
0.216075,0.0106853
0.223574,0.0166333
0.231105,0.0222766
0.238656,0.0276349
0.246218,0.0327281
0.25126,0.0376022
0.258818,0.0423005
0.261333,0.0470563
0.268871,0.0514914
0.276389,0.0557515
0.283879,0.059858
0.291339,0.0638323
0.293817,0.0684412
0.296287,0.0879913
0.296289,0.0830131
0.29629,0.0780349
0.296292,0.0730568
0.3025,0.0675
0.3025,0.0725
0.3075,0.0775
0.3175,0.0825
0.3225,0.0875
0.3325,0.0925
0.3375,0.0975
0.3425,0.0125
0.3475,0.1025
0.3525,0.0175
0.3525,0.1075
0.3625,0.1125
0.3675,0.0225
0.3725,0.1175
0.3775,0.0275
0.3775,0.1225
0.3875,0.1275
0.3975,0.1325
0.4025,0.1375
0.4125,0.1425
0.4175,0.1475
0.4275,0.1525
0.4375,0.1575
0.4425,0.1625
0.4525,0.1675
0.4625,0.1725
0.4675,0.1775
0.4775,0.1825
0.4875,0.1975
