x,y
0.203685,0.00336236
0.213587,0.0102743
0.223574,0.0166333
0.228593,0.0220532
0.236138,0.027499
0.243698,0.0326752
0.25126,0.0376022
0.258818,0.0423005
0.266363,0.046791
0.273889,0.0510948
0.276389,0.0557515
0.283879,0.059858
0.288855,0.0641674
0.296287,0.0879913
0.296289,0.0830131
0.29629,0.0780349
0.296292,0.0730568
0.296294,0.0680786
0.3025,0.0625
0.3025,0.0675
0.3025,0.0725
0.3125,0.0775
0.3175,0.0825
0.3275,0.0875
0.3375,0.0925
0.3425,0.0975
0.3475,0.0125
0.3525,0.1025
0.3575,0.0175
0.3575,0.1075
0.3675,0.0225
0.3675,0.1125
0.3775,0.1175
0.3825,0.1225
0.3925,0.1275
0.4025,0.1325
0.4075,0.1375
0.4175,0.1425
0.4275,0.1475
0.4325,0.1525
0.4425,0.1575
0.4525,0.1625
0.4575,0.1675
0.4675,0.1725
0.4775,0.1775
0.4825,0.1825
0.4875,0.1975
