x,y
0.203685,0.00336236
0.211103,0.00983427
0.22608,0.0169199
0.231105,0.0222766
0.238656,0.0276349
0.246218,0.0327281
0.253781,0.0375766
0.261336,0.042201
0.263849,0.0469357
0.273889,0.0510948
0.281389,0.0552333
0.283879,0.059858
0.291339,0.0638323
0.296289,0.0830131
0.29629,0.0780349
0.296292,0.0730568
0.296294,0.0680786
0.3025,0.0625
0.3025,0.0675
0.3025,0.0725
0.3125,0.0775
0.3225,0.0825
0.3275,0.0875
0.3375,0.0925
0.3475,0.0125
0.3475,0.0975
0.3525,0.1025
0.3575,0.0175
0.3625,0.1075
0.3675,0.0225
0.3725,0.1125
0.3825,0.1175
0.3875,0.1225
0.3975,0.1275
0.4025,0.1325
0.4125,0.1375
0.4225,0.1425
0.4325,0.1475
0.4425,0.1525
0.4475,0.1575
0.4575,0.1625
0.4625,0.1675
0.4725,0.1725
0.4825,0.1775
0.4875,0.1975
