x,y
0.20615,0.00390282
0.216075,0.0106853
0.223574,0.0166333
0.231105,0.0222766
0.238656,0.0276349
0.243698,0.0326752
0.25126,0.0376022
0.258818,0.0423005
0.266363,0.046791
0.273889,0.0510948
0.281389,0.0552333
0.288859,0.059228
0.291339,0.0638323
0.296289,0.0830131
0.29629,0.0780349
0.296292,0.0730568
0.296294,0.0680786
0.3025,0.0625
0.3025,0.0675
0.3075,0.0725
0.3175,0.0775
0.3225,0.0825
0.3325,0.0875
0.3425,0.0925
0.3475,0.0125
0.3475,0.0975
0.3575,0.0175
0.3575,0.1025
0.3675,0.0225
0.3675,0.1075
0.3725,0.1125
0.3825,0.1175
0.3925,0.1225
0.3975,0.1275
0.4075,0.1325
0.4175,0.1375
0.4275,0.1425
0.4325,0.1475
0.4425,0.1525
0.4525,0.1575
0.4575,0.1625
0.4675,0.1675
0.4775,0.1725
0.4825,0.1775
0.4875,0.1975
