x,y
0.208622,0.00441369
0.211103,0.00983427
0.22608,0.0169199
0.231105,0.0222766
0.238656,0.0276349
0.246218,0.0327281
0.253781,0.0375766
0.261336,0.042201
0.268875,0.0466223
0.276393,0.0508617
0.27889,0.0555036
0.286371,0.0595537
0.296289,0.0830131
0.29629,0.0780349
0.296292,0.0730568
0.296294,0.0680786
0.296295,0.0631004
0.3025,0.0575
0.3025,0.0625
0.3025,0.0675
0.3075,0.0725
0.3175,0.0775
0.3275,0.0825
0.3325,0.0875
0.3425,0.0925
0.3475,0.0125
0.3525,0.0975
0.3575,0.1025
0.3625,0.0175
0.3675,0.1075
0.3725,0.0225
0.3825,0.1125
0.3875,0.1175
0.3925,0.1225
0.4075,0.1275
0.4125,0.1325
0.4225,0.1375
0.4325,0.1425
0.4375,0.1475
0.4475,0.1525
0.4575,0.1575
0.4675,0.1625
0.4725,0.1675
0.4825,0.1725
