x,y
0.203685,0.00336236
0.216075,0.0106853
0.228589,0.017178
0.236135,0.0226398
0.243696,0.0278253
0.251261,0.0327545
0.25882,0.0374482
0.266367,0.0419273
0.273893,0.0462127
0.276393,0.0508617
0.283884,0.0549407
0.293822,0.0585122
0.29629,0.0780349
0.296292,0.0730568
0.296294,0.0680786
0.296295,0.0631004
0.3025,0.0575
0.3025,0.0625
0.3075,0.0675
0.3175,0.0725
0.3225,0.0775
0.3325,0.0825
0.3475,0.0875
0.3475,0.0925
0.3525,0.0125
0.3625,0.0175
0.3625,0.0975
0.3725,0.1025
0.3775,0.0225
0.3775,0.1075
0.3875,0.1125
0.3975,0.1175
0.4025,0.1225
0.4125,0.1275
0.4275,0.1325
0.4325,0.1375
0.4425,0.1425
0.4525,0.1475
0.4625,0.1525
0.4725,0.1575
0.4875,0.1625
