x,y
0.203685,0.00336236
0.218569,0.0110672
0.22608,0.0169199
0.233619,0.0224722
0.241176,0.0277437
0.248739,0.0327545
0.256301,0.0375252
0.263852,0.0420765
0.271386,0.0464295
0.278895,0.0506054
0.286375,0.0546258
0.29629,0.0780349
0.296292,0.0730568
0.296294,0.0680786
0.296295,0.0631004
0.296297,0.0581223
0.3025,0.0575
0.3025,0.0625
0.3125,0.0675
0.3175,0.0725
0.3275,0.0775
0.3375,0.0825
0.3425,0.0875
0.3525,0.0125
0.3525,0.0925
0.3625,0.0975
0.3675,0.0175
0.3725,0.0225
0.3775,0.1025
0.3825,0.1075
0.3925,0.1125
0.4025,0.1175
0.4075,0.1225
0.4175,0.1275
0.4275,0.1325
0.4425,0.1375
0.4475,0.1425
0.4575,0.1475
0.4675,0.1525
0.4775,0.1575
