x,y
0.20615,0.00390282
0.216075,0.0106853
0.231101,0.0174075
0.236135,0.0226398
0.243696,0.0278253
0.251261,0.0327545
0.261338,0.0373456
0.268879,0.0417532
0.276398,0.045972
0.283888,0.0500234
0.291346,0.0539292
0.293822,0.0585122
0.29629,0.0780349
0.296292,0.0730568
0.296294,0.0680786
0.296295,0.0631004
0.3025,0.0575
0.3025,0.0625
0.3125,0.0675
0.3175,0.0725
0.3275,0.0775
0.3375,0.0825
0.3525,0.0125
0.3525,0.0875
0.3575,0.0925
0.3675,0.0175
0.3675,0.0975
0.3775,0.0225
0.3775,0.1025
0.3825,0.1075
0.3925,0.1125
0.4025,0.1175
0.4175,0.1225
0.4225,0.1275
0.4325,0.1325
0.4425,0.1375
0.4525,0.1425
0.4675,0.1475
0.4775,0.1525
0.4825,0.1575
