x,y
0.203685,0.00336236
0.218569,0.0110672
0.22608,0.0169199
0.233619,0.0224722
0.243696,0.0278253
0.256302,0.0326752
0.263855,0.0372174
0.27139,0.0415542
0.273893,0.0462127
0.281393,0.050326
0.288863,0.0542886
0.29629,0.0780349
0.296292,0.0730568
0.296294,0.0680786
0.296295,0.0631004
0.296297,0.0581223
0.3025,0.0525
0.3025,0.0575
0.3025,0.0625
0.3125,0.0675
0.3225,0.0725
0.3325,0.0775
0.3425,0.0825
0.3475,0.0875
0.3525,0.0125
0.3575,0.0925
0.3675,0.0975
0.3725,0.0175
0.3775,0.0225
0.3825,0.1025
0.3875,0.1075
0.3975,0.1125
0.4075,0.1175
0.4225,0.1225
0.4275,0.1275
0.4375,0.1325
0.4475,0.1375
0.4575,0.1425
0.4675,0.1475
0.4775,0.1525
