x,y
0.203685,0.00336236
0.216075,0.0106853
0.231101,0.0174075
0.238654,0.0227796
0.246217,0.0278797
0.253782,0.0327281
0.261338,0.0373456
0.268879,0.0417532
0.276398,0.045972
0.283888,0.0500234
0.296292,0.0730568
0.296294,0.0680786
0.296295,0.0631004
0.296297,0.0581223
0.296299,0.0531441
0.3025,0.0525
0.3025,0.0575
0.3075,0.0625
0.3175,0.0675
0.3325,0.0725
0.3375,0.0775
0.3475,0.0825
0.3575,0.0125
0.3575,0.0875
0.3725,0.0175
0.3725,0.0925
0.3775,0.0975
0.3875,0.0225
0.3875,0.1025
0.3975,0.1075
0.4125,0.1125
0.4175,0.1175
0.4275,0.1225
0.4425,0.1275
0.4525,0.1325
0.4575,0.1375
0.4725,0.1425
0.4825,0.1475
