x,y
0.203685,0.00336236
0.218569,0.0110672
0.233615,0.0176084
0.236135,0.0226398
0.248739,0.0279069
0.256302,0.0326752
0.263855,0.0372174
0.27139,0.0415542
0.2789,0.0457072
0.288866,0.0493492
0.291346,0.0539292
0.296292,0.0730568
0.296294,0.0680786
0.296295,0.0631004
0.296297,0.0581223
0.3025,0.0525
0.3025,0.0575
0.3075,0.0625
0.3175,0.0675
0.3325,0.0725
0.3375,0.0775
0.3475,0.0825
0.3575,0.0125
0.3575,0.0875
0.3725,0.0175
0.3725,0.0925
0.3775,0.0975
0.3825,0.0225
0.3875,0.1025
0.4025,0.1075
0.4125,0.1125
0.4275,0.1175
0.4325,0.1225
0.4425,0.1275
0.4525,0.1325
0.4625,0.1375
0.4725,0.1425
