x,y
0.203685,0.00336236
0.216075,0.0106853
0.231101,0.0174075
0.238654,0.0227796
0.246217,0.0278797
0.253782,0.0327281
0.261338,0.0373456
0.276403,0.0410822
0.283893,0.0451062
0.286379,0.0496978
0.293825,0.0535477
0.296292,0.0730568
0.296294,0.0680786
0.296295,0.0631004
0.296297,0.0581223
0.3025,0.0525
0.3025,0.0575
0.3125,0.0625
0.3225,0.0675
0.3375,0.0725
0.3425,0.0775
0.3525,0.0825
0.3575,0.0125
0.3675,0.0875
0.3725,0.0925
0.3775,0.0175
0.3825,0.0975
0.3925,0.1025
0.4075,0.1075
0.4125,0.1125
0.4225,0.1175
0.4375,0.1225
0.4475,0.1275
0.4575,0.1325
0.4675,0.1375
0.4775,0.1425
