x,y
0.203685,0.00336236
0.216075,0.0106853
0.231101,0.0174075
0.238654,0.0227796
0.246217,0.0278797
0.261341,0.0324903
0.268883,0.036884
0.276403,0.0410822
0.283893,0.0451062
0.291349,0.0489777
0.296294,0.0680786
0.296295,0.0631004
0.296297,0.0581223
0.296299,0.0531441
0.3025,0.0475
0.3025,0.0525
0.3025,0.0575
0.3125,0.0625
0.3275,0.0675
0.3425,0.0725
0.3425,0.0775
0.3575,0.0825
0.3625,0.0125
0.3675,0.0875
0.3725,0.0175
0.3775,0.0925
0.3875,0.0975
0.3975,0.1025
0.4125,0.1075
0.4175,0.1125
0.4325,0.1175
0.4425,0.1225
0.4525,0.1275
0.4675,0.1325
0.4725,0.1375
