x,y
0.203685,0.00336236
0.216075,0.0106853
0.236132,0.0177806
0.238654,0.0227796
0.253783,0.0278797
0.261341,0.0324903
0.268883,0.036884
0.278904,0.0408091
0.286384,0.0447699
0.291349,0.0489777
0.296294,0.0680786
0.296295,0.0631004
0.296297,0.0581223
0.296299,0.0531441
0.3025,0.0425
0.3025,0.0475
0.3025,0.0525
0.3075,0.0575
0.3225,0.0625
0.3325,0.0675
0.3475,0.0725
0.3525,0.0775
0.3625,0.0825
0.3675,0.0125
0.3775,0.0175
0.3775,0.0875
0.3875,0.0925
0.4025,0.0975
0.4075,0.1025
0.4225,0.1075
0.4325,0.1125
0.4475,0.1175
0.4575,0.1225
0.4675,0.1275
0.4825,0.1325
