x,y
0.20615,0.00390282
0.218569,0.0110672
0.233615,0.0176084
0.241173,0.0228914
0.251261,0.0279069
0.263858,0.0323582
0.271394,0.036679
0.281403,0.0405113
0.283893,0.0451062
0.293827,0.0485832
0.296294,0.0680786
0.296295,0.0631004
0.296297,0.0581223
0.296299,0.0531441
0.3025,0.0475
0.3025,0.0525
0.3125,0.0575
0.3275,0.0625
0.3325,0.0675
0.3425,0.0725
0.3575,0.0775
0.3675,0.0825
0.3725,0.0125
0.3775,0.0175
0.3825,0.0875
0.3875,0.0925
0.4025,0.0975
0.4125,0.1025
0.4275,0.1075
0.4375,0.1125
0.4475,0.1175
0.4625,0.1225
0.4725,0.1275
