x,y
0.203685,0.00336236
0.216075,0.0106853
0.233615,0.0176084
0.243694,0.0229753
0.251261,0.0279069
0.266374,0.0321997
0.268883,0.036884
0.276403,0.0410822
0.286384,0.0447699
0.296294,0.0680786
0.296295,0.0631004
0.296297,0.0581223
0.296299,0.0531441
0.2963,0.0481659
0.3025,0.0475
0.3025,0.0525
0.3125,0.0575
0.3275,0.0625
0.3375,0.0675
0.3525,0.0725
0.3575,0.0775
0.3675,0.0125
0.3675,0.0825
0.3825,0.0175
0.3825,0.0875
0.3975,0.0925
0.4025,0.0975
0.4175,0.1025
0.4275,0.1075
0.4425,0.1125
0.4525,0.1175
0.4625,0.1225
0.4775,0.1275
