x,y
0.208622,0.00441369
0.223569,0.0117435
0.233615,0.0176084
0.243694,0.0229753
0.253783,0.0278797
0.266374,0.0321997
0.273902,0.0364484
0.276403,0.0410822
0.28887,0.0444099
0.296294,0.0680786
0.296295,0.0631004
0.296297,0.0581223
0.296299,0.0531441
0.2963,0.0481659
0.3025,0.0475
0.3025,0.0525
0.3125,0.0575
0.3275,0.0625
0.3425,0.0675
0.3475,0.0725
0.3625,0.0775
0.3675,0.0125
0.3725,0.0825
0.3875,0.0175
0.3875,0.0875
0.3925,0.0925
0.4075,0.0975
0.4175,0.1025
0.4325,0.1075
0.4475,0.1125
0.4575,0.1175
0.4675,0.1225
0.4825,0.1275
