x,y
0.20615,0.00390282
0.218569,0.0110672
0.233615,0.0176084
0.241173,0.0228914
0.251261,0.0279069
0.263858,0.0323582
0.273902,0.0364484
0.281403,0.0405113
0.28887,0.0444099
0.296295,0.0631004
0.296297,0.0581223
0.296299,0.0531441
0.2963,0.0481659
0.3025,0.0425
0.3025,0.0475
0.3025,0.0525
0.3175,0.0575
0.3325,0.0625
0.3425,0.0675
0.3575,0.0725
0.3625,0.0775
0.3725,0.0125
0.3775,0.0825
0.3875,0.0875
0.3925,0.0175
0.4025,0.0925
0.4175,0.0975
0.4225,0.1025
0.4375,0.1075
0.4525,0.1125
0.4625,0.1175
0.4775,0.1225
