x,y
0.203685,0.00336236
0.216075,0.0106853
0.236132,0.0177806
0.243694,0.0229753
0.253783,0.0278797
0.268887,0.0320149
0.276407,0.0361924
0.278904,0.0408091
0.291352,0.0440261
0.296295,0.0631004
0.296297,0.0581223
0.296299,0.0531441
0.2963,0.0481659
0.3025,0.0425
0.3025,0.0475
0.3125,0.0525
0.3275,0.0575
0.3275,0.0625
0.3425,0.0675
0.3575,0.0725
0.3625,0.0775
0.3775,0.0125
0.3775,0.0825
0.3825,0.0175
0.3925,0.0875
0.4025,0.0925
0.4175,0.0975
0.4325,0.1025
0.4375,0.1075
0.4525,0.1125
0.4675,0.1175
0.4825,0.1225
