x,y
0.1925,0.0025
0.1925,0.0075
0.1925,0.0125
0.1925,0.0175
0.1925,0.0225
0.1925,0.0275
0.1925,0.0325
0.1925,0.0375
0.1925,0.0425
0.1925,0.0475
0.1975,0.1975
0.201224,0.0177965
0.201225,0.0227884
0.203682,0.0283266
0.206148,0.0338058
0.208623,0.0392283
0.211105,0.0445965
0.213594,0.0499128
0.216089,0.0551796
0.218588,0.0603993
0.221092,0.0655744
0.226105,0.0709298
0.228618,0.0759933
0.231132,0.0810211
0.236161,0.0861344
0.238678,0.0910744
0.241196,0.095988
0.246227,0.100912
0.248743,0.105762
0.253771,0.110579
0.258794,0.115339
0.261303,0.120121
0.266317,0.124819
0.271325,0.129486
0.273824,0.134247
0.278822,0.138897
0.283813,0.143545
0.288799,0.148199
0.296261,0.172632
0.296263,0.167656
0.296265,0.16268
0.296267,0.157704
0.296269,0.152728
0.298776,0.0128046
0.298777,0.00781276
0.3025,0.1475
0.3025,0.1525
0.3025,0.1575
0.3075,0.1625
0.3125,0.1675
0.3175,0.1725
0.3225,0.0125
0.3275,0.0175
0.3275,0.1775
0.3375,0.0225
0.3375,0.1825
0.3425,0.0275
0.3425,0.1875
0.3475,0.0325
0.3525,0.0375
0.3525,0.0425
0.3525,0.1925
0.3575,0.0475
0.3625,0.0525
0.3675,0.0575
0.3675,0.1975
0.3725,0.0625
0.3775,0.0675
0.3825,0.0725
0.3875,0.0775
0.3925,0.0825
0.3925,0.0875
