x,y
0.1925,0.0025
0.1925,0.0075
0.1925,0.0125
0.1925,0.0175
0.1925,0.0225
0.1925,0.0275
0.1925,0.0325
0.1925,0.0375
0.1925,0.0425
0.1975,0.1975
0.201224,0.0128046
0.201224,0.0177965
0.20368,0.0233506
0.203682,0.0283266
0.206148,0.0338058
0.208623,0.0392283
0.213589,0.0449919
0.216083,0.0502704
0.218583,0.055501
0.221087,0.0606862
0.223594,0.0658283
0.228613,0.0711303
0.231128,0.0761648
0.236157,0.081289
0.238675,0.0862333
0.243709,0.091207
0.246226,0.0960785
0.248742,0.100929
0.253772,0.105746
0.256284,0.110548
0.261306,0.11528
0.263813,0.120052
0.268825,0.124728
0.276332,0.129255
0.281327,0.133873
0.283819,0.138635
0.291295,0.143112
0.296263,0.167656
0.296265,0.16268
0.296267,0.157704
0.296269,0.152728
0.296271,0.147752
0.298777,0.00781276
0.3025,0.1475
0.3025,0.1525
0.3025,0.1575
0.3125,0.1625
0.3175,0.1675
0.3225,0.0125
0.3225,0.1725
0.3275,0.0175
0.3325,0.1775
0.3375,0.0225
0.3375,0.1825
0.3425,0.0275
0.3475,0.0325
0.3475,0.1875
0.3525,0.0375
0.3575,0.0425
0.3575,0.1925
0.3625,0.0475
0.3675,0.0525
0.3725,0.0575
0.3725,0.1975
0.3775,0.0625
0.3825,0.0675
0.3875,0.0725
0.3925,0.0775
0.3975,0.0825
0.4025,0.0875
