x,y
0.1925,0.0025
0.1925,0.0075
0.1925,0.0125
0.1925,0.0175
0.1925,0.0225
0.1925,0.0275
0.1925,0.0325
0.1925,0.0375
0.1975,0.1975
0.201223,0.00781276
0.201224,0.0128046
0.201224,0.0177965
0.20368,0.0233506
0.206145,0.0288448
0.208619,0.0342814
0.213584,0.040071
0.216078,0.0453612
0.218577,0.0506027
0.221081,0.0557979
0.226094,0.0611887
0.228607,0.0662672
0.231123,0.0713085
0.236153,0.0764437
0.238672,0.0813921
0.241191,0.0863124
0.246225,0.0912449
0.248742,0.0960966
0.253773,0.100912
0.256286,0.105713
0.261309,0.110439
0.266326,0.115118
0.268829,0.119871
0.273835,0.124506
0.281332,0.128975
0.286319,0.133568
0.291299,0.138165
0.293785,0.142948
0.296265,0.16268
0.296267,0.157704
0.296269,0.152728
0.296271,0.147752
0.3025,0.1425
0.3025,0.1475
0.3025,0.1525
0.3075,0.1575
0.3175,0.1625
0.3225,0.0125
0.3225,0.1675
0.3325,0.0175
0.3325,0.1725
0.3375,0.0225
0.3375,0.1775
0.3425,0.1825
0.3475,0.0275
0.3525,0.0325
0.3525,0.1875
0.3575,0.0375
0.3625,0.0425
0.3625,0.1925
0.3675,0.0475
0.3725,0.0525
0.3775,0.0575
0.3775,0.1975
0.3825,0.0625
0.3875,0.0675
0.3925,0.0725
0.3975,0.0775
0.4025,0.0825
