x,y
0.1925,0.0025
0.1925,0.0075
0.1925,0.0125
0.1925,0.0175
0.1925,0.0225
0.1925,0.0275
0.1925,0.0325
0.1975,0.1975
0.201223,0.00781276
0.201224,0.0128046
0.203678,0.0183745
0.206142,0.0238837
0.208615,0.0293346
0.213579,0.0351501
0.216072,0.040452
0.218571,0.0457045
0.221075,0.0509097
0.226088,0.0563181
0.228602,0.0614042
0.231118,0.0664522
0.23615,0.0715983
0.238669,0.076551
0.243705,0.0815366
0.246224,0.0864114
0.251258,0.0912639
0.253774,0.0960785
0.258802,0.100826
0.261312,0.105598
0.26633,0.110268
0.271341,0.114897
0.273841,0.119636
0.278839,0.124233
0.28383,0.128817
0.288812,0.133399
0.293788,0.137987
0.296267,0.157704
0.296269,0.152728
0.296271,0.147752
0.296273,0.142776
0.3025,0.1375
0.3025,0.1425
0.3025,0.1475
0.3075,0.1525
0.3175,0.1575
0.3225,0.0125
0.3225,0.1625
0.3275,0.1675
0.3325,0.0175
0.3375,0.0225
0.3375,0.1725
0.3425,0.1775
0.3475,0.0275
0.3525,0.1825
0.3575,0.0325
0.3575,0.1875
0.3625,0.0375
0.3675,0.0425
0.3725,0.0475
0.3725,0.1925
0.3775,0.0525
0.3825,0.0575
0.3825,0.1975
0.3875,0.0625
0.3925,0.0675
0.3975,0.0725
0.4025,0.0775
