x,y
0.201222,0.00282087
0.201223,0.00781276
0.203676,0.0133985
0.206139,0.0189227
0.208611,0.0243878
0.213574,0.0302292
0.216067,0.0355429
0.218566,0.0408062
0.22107,0.0460215
0.226083,0.0514475
0.228597,0.0565412
0.233627,0.0617638
0.236146,0.066753
0.238666,0.0717099
0.243703,0.0767013
0.248741,0.0815985
0.251259,0.0864312
0.256291,0.091207
0.258804,0.095988
0.263828,0.10067
0.266335,0.105417
0.271346,0.110034
0.276349,0.114618
0.278845,0.119345
0.283835,0.123908
0.288817,0.128465
0.293791,0.133026
0.296269,0.152728
0.296271,0.147752
0.296273,0.142776
0.296275,0.1378
0.3025,0.1325
0.3025,0.1375
0.3025,0.1425
0.3075,0.1475
0.3125,0.1525
0.3225,0.0125
0.3225,0.1575
0.3275,0.1625
0.3325,0.0175
0.3325,0.1675
0.3375,0.0225
0.3425,0.1725
0.3475,0.0275
0.3475,0.1775
0.3575,0.0325
0.3575,0.1825
0.3625,0.1875
0.3675,0.0375
0.3725,0.0425
0.3725,0.1925
0.3775,0.0475
0.3825,0.0525
0.3875,0.0575
0.3875,0.1975
0.3925,0.0625
0.3975,0.0675
0.4025,0.0725
0.4075,0.0775
