x,y
0.201222,0.00282087
0.203674,0.00842243
0.206136,0.0139617
0.208607,0.019441
0.211087,0.0248627
0.213574,0.0302292
0.21856,0.0359079
0.221064,0.0411333
0.223572,0.0463124
0.228592,0.0516782
0.231108,0.0567397
0.233627,0.0617638
0.238662,0.0668687
0.241183,0.0717991
0.246222,0.0767443
0.248741,0.0815985
0.253776,0.0864114
0.258807,0.0911502
0.261318,0.0959155
0.266339,0.100567
0.268844,0.105302
0.273851,0.109894
0.27885,0.114456
0.281344,0.119179
0.28633,0.123726
0.291307,0.128271
0.296269,0.152728
0.296271,0.147752
0.296273,0.142776
0.296275,0.1378
0.296277,0.132824
0.3025,0.1275
0.3025,0.1325
0.3025,0.1375
0.3075,0.1425
0.3125,0.1475
0.3175,0.1525
0.3275,0.0125
0.3275,0.1575
0.3325,0.0175
0.3325,0.1625
0.3375,0.1675
0.3425,0.0225
0.3475,0.0275
0.3475,0.1725
0.3525,0.1775
0.3575,0.0325
0.3625,0.1825
0.3675,0.0375
0.3675,0.1875
0.3775,0.0425
0.3775,0.1925
0.3825,0.0475
0.3875,0.0525
0.3925,0.0575
0.3925,0.1975
0.3975,0.0625
0.4025,0.0675
0.4075,0.0725
