x,y
0.203672,0.00344638
0.203674,0.00842243
0.206136,0.0139617
0.211082,0.0199292
0.213569,0.0253083
0.216061,0.0306337
0.221058,0.0362451
0.223566,0.0414334
0.228587,0.0468152
0.231104,0.0518834
0.236138,0.0570623
0.238659,0.0620276
0.2437,0.0670308
0.246221,0.0719107
0.251259,0.0767658
0.253777,0.0815778
0.258809,0.0863124
0.261322,0.0910744
0.266343,0.0957165
0.271356,0.100308
0.273857,0.105024
0.278856,0.109568
0.283846,0.11409
0.286335,0.118805
0.291311,0.123324
0.296271,0.147752
0.296273,0.142776
0.296275,0.1378
0.296277,0.132824
0.296279,0.127848
0.3025,0.1275
0.3025,0.1325
0.3075,0.1375
0.3125,0.1425
0.3175,0.1475
0.3225,0.1525
0.3275,0.0125
0.3325,0.1575
0.3375,0.0175
0.3375,0.1625
0.3425,0.0225
0.3425,0.1675
0.3525,0.0275
0.3525,0.1725
0.3575,0.0325
0.3575,0.1775
0.3675,0.0375
0.3675,0.1825
0.3775,0.0425
0.3775,0.1875
0.3825,0.1925
0.3875,0.0475
0.3925,0.0525
0.3975,0.0575
0.3975,0.1975
0.4025,0.0625
0.4075,0.0675
