x,y
0.20613,0.00403962
0.208599,0.00954731
0.211078,0.0149958
0.213563,0.0203874
0.218549,0.0261114
0.221052,0.0313569
0.226067,0.0368358
0.231094,0.0421708
0.233614,0.0472126
0.238653,0.0523453
0.241175,0.0572858
0.246218,0.0622436
0.24874,0.0671003
0.253779,0.0719107
0.258814,0.0766369
0.261328,0.0813921
0.266352,0.0860157
0.268858,0.0907336
0.273868,0.0952827
0.281361,0.104484
0.281366,0.0995855
0.288835,0.108731
0.291319,0.113431
0.296275,0.1378
0.296277,0.132824
0.296279,0.127848
0.296281,0.122871
0.296283,0.117895
0.3025,0.1175
0.3025,0.1225
0.3075,0.1275
0.3125,0.1325
0.3175,0.1375
0.3225,0.1425
0.3275,0.0125
0.3275,0.1475
0.3325,0.1525
0.3375,0.0175
0.3425,0.0225
0.3425,0.1575
0.3475,0.1625
0.3525,0.0275
0.3575,0.1675
0.3625,0.0325
0.3625,0.1725
0.3725,0.0375
0.3725,0.1775
0.3775,0.1825
0.3825,0.0425
0.3875,0.1875
0.3975,0.0475
0.3975,0.1925
0.4025,0.0525
0.4075,0.0575
0.4125,0.0625
0.4125,0.1975
