x,y
0.203672,0.00344638
0.208599,0.00954731
0.211078,0.0149958
0.216051,0.0208154
0.218549,0.0261114
0.223555,0.0316755
0.226067,0.0368358
0.231094,0.0421708
0.236131,0.0473716
0.241173,0.0524481
0.243696,0.0573604
0.248739,0.0622676
0.25126,0.0671003
0.256299,0.0718661
0.258814,0.0766369
0.263843,0.081289
0.271367,0.0905823
0.271372,0.0857193
0.278873,0.0949036
0.283862,0.0993621
0.28635,0.104043
0.291323,0.108484
0.296277,0.132824
0.296279,0.127848
0.296281,0.122871
0.296283,0.117895
0.296285,0.112919
0.3025,0.1125
0.3025,0.1175
0.3025,0.1225
0.3075,0.1275
0.3175,0.1325
0.3225,0.1375
0.3275,0.0125
0.3275,0.1425
0.3325,0.1475
0.3375,0.0175
0.3375,0.1525
0.3475,0.0225
0.3475,0.1575
0.3525,0.0275
0.3525,0.1625
0.3625,0.0325
0.3625,0.1675
0.3675,0.1725
0.3725,0.0375
0.3775,0.1775
0.3825,0.0425
0.3825,0.1825
0.3925,0.1875
0.3975,0.0475
0.4025,0.1925
0.4075,0.0525
0.4125,0.0575
0.4125,0.1975
