x,y
0.203672,0.00344638
0.208599,0.00954731
0.213558,0.0154665
0.216051,0.0208154
0.221047,0.0264687
0.226061,0.0319653
0.228576,0.0370892
0.233609,0.0423622
0.23865,0.0475042
0.241173,0.0524481
0.248739,0.0574349
0.251261,0.0622676
0.2563,0.0670308
0.258817,0.0717991
0.263847,0.0764437
0.268868,0.0810211
0.271372,0.0857193
0.276378,0.0902231
0.283868,0.0944529
0.286355,0.0991217
0.291327,0.103537
0.296279,0.127848
0.296281,0.122871
0.296283,0.117895
0.296285,0.112919
0.296287,0.107943
0.3025,0.1075
0.3025,0.1125
0.3025,0.1175
0.3075,0.1225
0.3125,0.1275
0.3175,0.1325
0.3275,0.0125
0.3275,0.1375
0.3325,0.1425
0.3375,0.0175
0.3375,0.1475
0.3425,0.1525
0.3475,0.0225
0.3525,0.1575
0.3575,0.0275
0.3575,0.1625
0.3625,0.0325
0.3675,0.1675
0.3725,0.0375
0.3725,0.1725
0.3825,0.1775
0.3875,0.0425
0.3875,0.1825
0.3975,0.0475
0.3975,0.1875
0.4075,0.1925
0.4175,0.1975
