x,y
0.203672,0.00344638
0.208599,0.00954731
0.213558,0.0154665
0.218543,0.0212131
0.221047,0.0264687
0.228571,0.0322262
0.231089,0.0373145
0.236127,0.0425263
0.24117,0.0476103
0.243694,0.0525251
0.251261,0.0574349
0.253782,0.0622436
0.25882,0.0669614
0.261334,0.0717099
0.268872,0.0761648
0.273884,0.080671
0.276383,0.0853442
0.281378,0.0897889
0.28636,0.0942008
0.288845,0.0988644
0.29381,0.10326
0.296281,0.122871
0.296283,0.117895
0.296285,0.112919
0.296287,0.107943
0.3025,0.1025
0.3025,0.1075
0.3025,0.1125
0.3075,0.1175
0.3125,0.1225
0.3175,0.1275
0.3225,0.1325
0.3325,0.0125
0.3325,0.1375
0.3375,0.0175
0.3375,0.1425
0.3425,0.1475
0.3475,0.0225
0.3475,0.1525
0.3575,0.0275
0.3575,0.1575
0.3625,0.1625
0.3675,0.0325
0.3725,0.1675
0.3775,0.0375
0.3775,0.1725
0.3875,0.0425
0.3875,0.1775
0.3975,0.1825
0.4025,0.1875
0.4125,0.1925
0.4275,0.1975
