x,y
0.203672,0.00344638
0.211073,0.0100623
0.213558,0.0154665
0.218543,0.0212131
0.223549,0.0267965
0.228571,0.0322262
0.233605,0.0375118
0.238647,0.0426631
0.24117,0.0476103
0.248739,0.0526022
0.251261,0.0574349
0.256302,0.0621956
0.26385,0.0715983
0.263854,0.066753
0.271382,0.0759933
0.276389,0.0804652
0.278885,0.0851272
0.283873,0.0895437
0.291334,0.0936434
0.293813,0.0982991
0.296281,0.122871
0.296283,0.117895
0.296285,0.112919
0.296287,0.107943
0.296289,0.102967
0.3025,0.0975
0.3025,0.1025
0.3025,0.1075
0.3075,0.1125
0.3125,0.1175
0.3175,0.1225
0.3225,0.1275
0.3325,0.0125
0.3325,0.1325
0.3375,0.0175
0.3375,0.1375
0.3425,0.1425
0.3475,0.0225
0.3475,0.1475
0.3575,0.0275
0.3575,0.1525
0.3625,0.1575
0.3675,0.1625
0.3725,0.0325
0.3775,0.0375
0.3775,0.1675
0.3825,0.1725
0.3875,0.0425
0.3925,0.1775
0.4025,0.1825
0.4075,0.1875
0.4175,0.1925
0.4325,0.1975
