x,y
0.20613,0.00403962
0.208599,0.00954731
0.216045,0.0159062
0.221041,0.0215805
0.223549,0.0267965
0.228571,0.0322262
0.233605,0.0375118
0.238647,0.0426631
0.246215,0.047743
0.248739,0.0526022
0.253783,0.0574101
0.256302,0.0621956
0.263854,0.066753
0.268877,0.0713085
0.271382,0.0759933
0.276389,0.0804652
0.283879,0.0846346
0.288854,0.0889975
0.291334,0.0936434
0.296283,0.117895
0.296285,0.112919
0.296287,0.107943
0.296289,0.102967
0.296291,0.0979913
0.3025,0.0975
0.3025,0.1025
0.3075,0.1075
0.3125,0.1125
0.3175,0.1175
0.3225,0.1225
0.3275,0.1275
0.3325,0.0125
0.3325,0.1325
0.3375,0.0175
0.3425,0.1375
0.3475,0.0225
0.3475,0.1425
0.3525,0.1475
0.3575,0.1525
0.3625,0.0275
0.3675,0.0325
0.3675,0.1575
0.3725,0.1625
0.3775,0.0375
0.3825,0.1675
0.3875,0.1725
0.3925,0.0425
0.3975,0.1775
0.4075,0.1825
0.4125,0.1875
0.4225,0.1925
0.4375,0.1975
