x,y
0.203672,0.00344638
0.211073,0.0100623
0.216045,0.0159062
0.221041,0.0215805
0.226056,0.0270947
0.231084,0.0324583
0.236123,0.0376809
0.241168,0.0427725
0.243692,0.0476899
0.251261,0.0526022
0.258825,0.0572858
0.261341,0.0620276
0.266369,0.0666142
0.268877,0.0713085
0.276394,0.0755862
0.281389,0.0799924
0.28637,0.084359
0.288854,0.0889975
0.296285,0.112919
0.296287,0.107943
0.296289,0.102967
0.296291,0.0979913
0.296293,0.0930152
0.3025,0.0925
0.3025,0.0975
0.3025,0.1025
0.3125,0.1075
0.3175,0.1125
0.3225,0.1175
0.3275,0.1225
0.3325,0.0125
0.3325,0.1275
0.3375,0.1325
0.3425,0.0175
0.3425,0.1375
0.3525,0.0225
0.3525,0.1425
0.3575,0.0275
0.3575,0.1475
0.3675,0.0325
0.3675,0.1525
0.3725,0.1575
0.3775,0.1625
0.3825,0.0375
0.3875,0.1675
0.3925,0.0425
0.3925,0.1725
0.4025,0.1775
0.4125,0.1825
0.4175,0.1875
0.4275,0.1925
0.4425,0.1975
