x,y
0.20613,0.00403962
0.213553,0.0105456
0.218538,0.0163148
0.221041,0.0215805
0.228566,0.0273632
0.236119,0.0328356
0.238643,0.0378219
0.246214,0.0429094
0.248738,0.0477695
0.253784,0.0525765
0.261344,0.0571865
0.263858,0.0619077
0.268882,0.0664522
0.2764,0.0707072
0.281395,0.0750941
0.283884,0.0797254
0.291342,0.0837497
0.296287,0.107943
0.296289,0.102967
0.296291,0.0979913
0.296293,0.0930152
0.296295,0.0880392
0.3025,0.0875
0.3025,0.0925
0.3075,0.0975
0.3125,0.1025
0.3175,0.1075
0.3275,0.1125
0.3325,0.1175
0.3375,0.0125
0.3375,0.1225
0.3425,0.0175
0.3425,0.1275
0.3475,0.1325
0.3525,0.0225
0.3575,0.1375
0.3625,0.0275
0.3625,0.1425
0.3675,0.1475
0.3725,0.0325
0.3775,0.1525
0.3825,0.0375
0.3825,0.1575
0.3925,0.1625
0.3975,0.1675
0.4075,0.1725
0.4125,0.1775
0.4225,0.1825
0.4325,0.1875
0.4425,0.1925
0.4575,0.1975
