x,y
0.203672,0.00344638
0.211073,0.0100623
0.218538,0.0163148
0.223543,0.0219175
0.23108,0.027602
0.233601,0.0326614
0.238643,0.0378219
0.246214,0.0429094
0.248738,0.0477695
0.256306,0.0525251
0.263862,0.0570623
0.266373,0.0617638
0.273901,0.0660593
0.278902,0.0704626
0.281395,0.0750941
0.286375,0.0794381
0.291342,0.0837497
0.296287,0.107943
0.296289,0.102967
0.296291,0.0979913
0.296293,0.0930152
0.296295,0.0880392
0.3025,0.0825
0.3025,0.0875
0.3025,0.0925
0.3075,0.0975
0.3175,0.1025
0.3225,0.1075
0.3275,0.1125
0.3325,0.1175
0.3375,0.0125
0.3425,0.0175
0.3425,0.1225
0.3475,0.1275
0.3525,0.1325
0.3575,0.0225
0.3575,0.1375
0.3675,0.0275
0.3675,0.1425
0.3725,0.1475
0.3775,0.0325
0.3775,0.1525
0.3825,0.0375
0.3875,0.1575
0.3925,0.1625
0.4025,0.1675
0.4125,0.1725
0.4175,0.1775
0.4275,0.1825
0.4375,0.1875
0.4425,0.1925
0.4625,0.1975
