x,y
0.20613,0.00403962
0.213553,0.0105456
0.221035,0.0166923
0.223543,0.0219175
0.228566,0.0273632
0.236119,0.0328356
0.243689,0.0380194
0.246214,0.0429094
0.251262,0.0477695
0.258827,0.0524481
0.261344,0.0571865
0.268887,0.0615959
0.276406,0.0658283
0.278902,0.0704626
0.283889,0.0748162
0.288863,0.0791306
0.296289,0.102967
0.296291,0.0979913
0.296293,0.0930152
0.296295,0.0880392
0.296297,0.0830631
0.3025,0.0825
0.3025,0.0875
0.3075,0.0925
0.3125,0.0975
0.3225,0.1025
0.3275,0.1075
0.3325,0.1125
0.3375,0.0125
0.3375,0.1175
0.3475,0.0175
0.3475,0.1225
0.3525,0.1275
0.3575,0.0225
0.3575,0.1325
0.3675,0.0275
0.3675,0.1375
0.3725,0.1425
0.3775,0.0325
0.3775,0.1475
0.3875,0.0375
0.3875,0.1525
0.3925,0.1575
0.4025,0.1625
0.4075,0.1675
0.4175,0.1725
0.4225,0.1775
0.4325,0.1825
0.4425,0.1875
0.4525,0.1925
0.4675,0.1975
