x,y
0.203672,0.00344638
0.211073,0.0100623
0.218538,0.0163148
0.22605,0.0222241
0.23108,0.027602
0.236119,0.0328356
0.241165,0.0379348
0.248738,0.0429368
0.256308,0.0476899
0.258827,0.0524481
0.266378,0.0569134
0.273906,0.0611887
0.276406,0.0658283
0.2814,0.0701958
0.288867,0.0741972
0.291346,0.0788029
0.296289,0.102967
0.296291,0.0979913
0.296293,0.0930152
0.296295,0.0880392
0.296297,0.0830631
0.3025,0.0775
0.3025,0.0825
0.3025,0.0875
0.3075,0.0925
0.3175,0.0975
0.3225,0.1025
0.3325,0.1075
0.3375,0.0125
0.3375,0.1125
0.3425,0.1175
0.3475,0.0175
0.3475,0.1225
0.3575,0.0225
0.3575,0.1275
0.3625,0.1325
0.3675,0.0275
0.3675,0.1375
0.3775,0.1425
0.3825,0.0325
0.3825,0.1475
0.3875,0.0375
0.3925,0.1525
0.3975,0.1575
0.4075,0.1625
0.4125,0.1675
0.4225,0.1725
0.4325,0.1775
0.4375,0.1825
0.4475,0.1875
0.4575,0.1925
0.4725,0.1975
