x,y
0.203672,0.00344638
0.211073,0.0100623
0.218538,0.0163148
0.223543,0.0219175
0.23108,0.027602
0.23864,0.0329808
0.243689,0.0380194
0.251262,0.0429368
0.253785,0.047743
0.261347,0.0523453
0.266378,0.0569134
0.273906,0.0611887
0.276406,0.0658283
0.283895,0.0699071
0.29135,0.0738561
0.293825,0.078455
0.296291,0.0979913
0.296293,0.0930152
0.296295,0.0880392
0.296297,0.0830631
0.3025,0.0775
0.3025,0.0825
0.3075,0.0875
0.3125,0.0925
0.3175,0.0975
0.3275,0.1025
0.3325,0.1075
0.3375,0.0125
0.3425,0.1125
0.3475,0.0175
0.3475,0.1175
0.3575,0.0225
0.3575,0.1225
0.3575,0.1275
0.3675,0.1325
0.3725,0.0275
0.3725,0.1375
0.3825,0.0325
0.3825,0.1425
0.3875,0.1475
0.3925,0.0375
0.3975,0.1525
0.4025,0.1575
0.4075,0.1625
0.4175,0.1675
0.4275,0.1725
0.4325,0.1775
0.4425,0.1825
0.4525,0.1875
0.4625,0.1925
0.4775,0.1975
