x,y
0.20613,0.00403962
0.213553,0.0105456
0.221035,0.0166923
0.22605,0.0222241
0.233596,0.027811
0.241163,0.033097
0.243689,0.0380194
0.251262,0.0429368
0.256308,0.0476899
0.263866,0.052217
0.266378,0.0569134
0.273906,0.0611887
0.281406,0.0652975
0.286386,0.0695963
0.29135,0.0738561
0.296291,0.0979913
0.296293,0.0930152
0.296295,0.0880392
0.296297,0.0830631
0.296299,0.0780871
0.3025,0.0725
0.3025,0.0775
0.3025,0.0825
0.3075,0.0875
0.3175,0.0925
0.3225,0.0975
0.3325,0.1025
0.3375,0.1075
0.3425,0.0125
0.3425,0.1125
0.3475,0.0175
0.3475,0.1175
0.3575,0.1225
0.3625,0.0225
0.3675,0.1275
0.3725,0.0275
0.3725,0.1325
0.3825,0.1375
0.3875,0.0325
0.3875,0.1425
0.3925,0.1475
0.3975,0.1525
0.4075,0.1575
0.4175,0.1625
0.4225,0.1675
0.4325,0.1725
0.4425,0.1775
0.4475,0.1825
0.4625,0.1875
0.4675,0.1925
0.4825,0.1975
