x,y
0.203672,0.00344638
0.211073,0.0100623
0.223538,0.0170386
0.22605,0.0222241
0.233596,0.027811
0.23864,0.0329808
0.246213,0.0380759
0.253786,0.0429094
0.26135,0.0475042
0.263866,0.052217
0.268892,0.0567397
0.276411,0.0609493
0.278908,0.0655744
0.286386,0.0695963
0.293828,0.073494
0.296293,0.0930152
0.296295,0.0880392
0.296297,0.0830631
0.296299,0.0780871
0.3025,0.0725
0.3025,0.0775
0.3025,0.0825
0.3125,0.0875
0.3225,0.0925
0.3275,0.0975
0.3325,0.1025
0.3425,0.0125
0.3425,0.1075
0.3475,0.1125
0.3525,0.0175
0.3575,0.1175
0.3625,0.0225
0.3625,0.1225
0.3725,0.0275
0.3725,0.1275
0.3775,0.1325
0.3825,0.1375
0.3875,0.0325
0.3925,0.1425
0.3975,0.1475
0.4075,0.1525
0.4125,0.1575
0.4225,0.1625
0.4325,0.1675
0.4375,0.1725
0.4475,0.1775
0.4525,0.1825
0.4625,0.1875
0.4775,0.1925
0.4875,0.1975
