x,y
0.203672,0.00344638
0.211073,0.0100623
0.226045,0.0173535
0.231075,0.0227457
0.238637,0.0281397
0.246212,0.0332423
0.248738,0.0381041
0.25631,0.0428547
0.263869,0.0473716
0.271408,0.0516782
0.278919,0.0557979
0.281412,0.0603993
0.288877,0.0643303
0.296295,0.0880392
0.296297,0.0830631
0.296299,0.0780871
0.296301,0.073111
0.296303,0.068135
0.3025,0.0675
0.3025,0.0725
0.3075,0.0775
0.3125,0.0825
0.3225,0.0875
0.3275,0.0925
0.3375,0.0975
0.3475,0.0125
0.3475,0.1025
0.3525,0.1075
0.3575,0.0175
0.3625,0.1125
0.3675,0.1175
0.3725,0.0225
0.3775,0.0275
0.3775,0.1225
0.3875,0.1275
0.3925,0.1325
0.4025,0.1375
0.4125,0.1425
0.4175,0.1475
0.4275,0.1525
0.4375,0.1575
0.4425,0.1625
0.4525,0.1675
0.4625,0.1725
0.4675,0.1775
0.4775,0.1825
0.4875,0.1975
