x,y
0.20613,0.00403962
0.21604,0.010997
0.223538,0.0170386
0.231075,0.0227457
0.238637,0.0281397
0.246212,0.0332423
0.253787,0.0380759
0.261353,0.0426631
0.263869,0.0473716
0.271408,0.0516782
0.278919,0.0557979
0.283906,0.0600887
0.291358,0.0639624
0.296295,0.0880392
0.296297,0.0830631
0.296299,0.0780871
0.296301,0.073111
0.296303,0.068135
0.3025,0.0625
0.3025,0.0675
0.3025,0.0725
0.3075,0.0775
0.3175,0.0825
0.3275,0.0875
0.3325,0.0925
0.3425,0.0975
0.3475,0.0125
0.3525,0.1025
0.3575,0.0175
0.3575,0.1075
0.3675,0.0225
0.3675,0.1125
0.3725,0.1175
0.3825,0.0275
0.3825,0.1225
0.3925,0.1275
0.3975,0.1325
0.4075,0.1375
0.4175,0.1425
0.4225,0.1475
0.4325,0.1525
0.4425,0.1575
0.4475,0.1625
0.4575,0.1675
0.4675,0.1725
0.4725,0.1775
0.4875,0.1825
0.4875,0.1975
