x,y
0.203672,0.00344638
0.213553,0.0105456
0.223538,0.0170386
0.228561,0.0225002
0.236116,0.0279903
0.243687,0.0331842
0.251262,0.0381041
0.258832,0.0427725
0.266386,0.0472126
0.271408,0.0516782
0.278919,0.0557979
0.286396,0.0597545
0.288877,0.0643303
0.296295,0.0880392
0.296297,0.0830631
0.296299,0.0780871
0.296301,0.073111
0.296303,0.068135
0.3025,0.0625
0.3025,0.0675
0.3025,0.0725
0.3125,0.0775
0.3175,0.0825
0.3275,0.0875
0.3325,0.0925
0.3425,0.0975
0.3475,0.0125
0.3525,0.1025
0.3575,0.0175
0.3575,0.1075
0.3675,0.1125
0.3725,0.0225
0.3825,0.1175
0.3825,0.1225
0.3925,0.1275
0.4075,0.1325
0.4125,0.1375
0.4175,0.1425
0.4325,0.1475
0.4375,0.1525
0.4475,0.1575
0.4525,0.1625
0.4625,0.1675
0.4725,0.1725
0.4775,0.1775
0.4875,0.1975
