x,y
0.203672,0.00344638
0.213553,0.0105456
0.226045,0.0173535
0.233592,0.0229606
0.24116,0.0282593
0.248737,0.0332714
0.256311,0.0380194
0.258832,0.0427725
0.266386,0.0472126
0.276423,0.0511914
0.283911,0.0551796
0.286396,0.0597545
0.293834,0.0635719
0.296297,0.0830631
0.296299,0.0780871
0.296301,0.073111
0.296303,0.068135
0.3025,0.0625
0.3025,0.0675
0.3075,0.0725
0.3175,0.0775
0.3225,0.0825
0.3325,0.0875
0.3475,0.0925
0.3475,0.0975
0.3525,0.0125
0.3575,0.1025
0.3625,0.0175
0.3725,0.1075
0.3775,0.0225
0.3775,0.1125
0.3875,0.1175
0.3975,0.1225
0.4025,0.1275
0.4125,0.1325
0.4225,0.1375
0.4275,0.1425
0.4375,0.1475
0.4475,0.1525
0.4575,0.1575
0.4625,0.1625
0.4725,0.1675
0.4825,0.1725
