x,y
0.208596,0.00460049
0.21604,0.010997
0.226045,0.0173535
0.233592,0.0229606
0.24116,0.0282593
0.248737,0.0332714
0.261357,0.0378219
0.263873,0.0425263
0.271413,0.0468152
0.278925,0.0509097
0.286401,0.0548337
0.288881,0.0593968
0.296299,0.0780871
0.296301,0.073111
0.296303,0.068135
0.296305,0.0631589
0.3025,0.0575
0.3025,0.0625
0.3025,0.0675
0.3125,0.0725
0.3275,0.0775
0.3325,0.0825
0.3375,0.0875
0.3525,0.0125
0.3525,0.0925
0.3575,0.0975
0.3675,0.0175
0.3675,0.1025
0.3775,0.1075
0.3825,0.0225
0.3825,0.1125
0.3925,0.1175
0.4025,0.1225
0.4175,0.1275
0.4225,0.1325
0.4325,0.1375
0.4425,0.1425
0.4525,0.1475
0.4625,0.1525
0.4675,0.1575
0.4775,0.1625
