x,y
0.20613,0.00403962
0.218532,0.0114166
0.23107,0.0178894
0.233592,0.0229606
0.246211,0.0284087
0.253788,0.0332423
0.261357,0.0378219
0.263873,0.0425263
0.271413,0.0468152
0.281423,0.0506027
0.288886,0.0544634
0.296299,0.0780871
0.296301,0.073111
0.296303,0.068135
0.296305,0.0631589
0.296306,0.0581829
0.3025,0.0575
0.3025,0.0625
0.3075,0.0675
0.3175,0.0725
0.3275,0.0775
0.3425,0.0825
0.3425,0.0875
0.3575,0.0125
0.3575,0.0925
0.3625,0.0975
0.3725,0.0175
0.3725,0.1025
0.3825,0.0225
0.3825,0.1075
0.3975,0.1125
0.4025,0.1175
0.4125,0.1225
0.4225,0.1275
0.4325,0.1325
0.4425,0.1375
0.4525,0.1425
0.4625,0.1475
0.4725,0.1525
0.4825,0.1575
