x,y
0.20613,0.00403962
0.21604,0.010997
0.23107,0.0178894
0.238634,0.0232986
0.246211,0.0284087
0.253788,0.0332423
0.261357,0.0378219
0.268906,0.0421708
0.276428,0.0463124
0.281423,0.0506027
0.291366,0.0540688
0.296299,0.0780871
0.296301,0.073111
0.296303,0.068135
0.296305,0.0631589
0.296306,0.0581829
0.3025,0.0525
0.3025,0.0575
0.3075,0.0625
0.3125,0.0675
0.3225,0.0725
0.3325,0.0775
0.3375,0.0825
0.3475,0.0875
0.3575,0.0125
0.3625,0.0925
0.3675,0.0975
0.3725,0.0175
0.3775,0.1025
0.3875,0.0225
0.3875,0.1075
0.4025,0.1125
0.4075,0.1175
0.4175,0.1225
0.4275,0.1275
0.4425,0.1325
0.4475,0.1375
0.4575,0.1425
0.4675,0.1475
0.4775,0.1525
