x,y
0.203672,0.00344638
0.213553,0.0105456
0.228556,0.0176372
0.236112,0.0231449
0.243685,0.0283489
0.256313,0.0331842
0.266395,0.0375118
0.273928,0.0417064
0.276428,0.0463124
0.283917,0.0502704
0.29384,0.0536499
0.296301,0.073111
0.296303,0.068135
0.296305,0.0631589
0.296306,0.0581829
0.3025,0.0525
0.3025,0.0575
0.3075,0.0625
0.3175,0.0675
0.3275,0.0725
0.3375,0.0775
0.3525,0.0825
0.3575,0.0875
0.3625,0.0125
0.3675,0.0925
0.3775,0.0175
0.3775,0.0975
0.3875,0.0225
0.3925,0.1025
0.3975,0.1075
0.4075,0.1125
0.4225,0.1175
0.4325,0.1225
0.4475,0.1275
0.4525,0.1325
0.4625,0.1375
0.4725,0.1425
0.4825,0.1475
