x,y
0.203672,0.00344638
0.21604,0.010997
0.23107,0.0178894
0.238634,0.0232986
0.246211,0.0284087
0.253788,0.0332423
0.261357,0.0378219
0.271419,0.0419522
0.27893,0.0460215
0.286406,0.0499128
0.296301,0.073111
0.296303,0.068135
0.296305,0.0631589
0.296306,0.0581829
0.296308,0.0532068
0.3025,0.0525
0.3025,0.0575
0.3125,0.0625
0.3225,0.0675
0.3275,0.0725
0.3375,0.0775
0.3525,0.0825
0.3625,0.0125
0.3625,0.0875
0.3675,0.0925
0.3725,0.0175
0.3825,0.0975
0.3925,0.1025
0.4025,0.1075
0.4125,0.1125
0.4225,0.1175
0.4325,0.1225
0.4475,0.1275
0.4575,0.1325
0.4675,0.1375
0.4775,0.1425
