x,y
0.203672,0.00344638
0.22103,0.0118041
0.23107,0.0178894
0.238634,0.0232986
0.251263,0.0284387
0.258837,0.033097
0.266395,0.0375118
0.273928,0.0417064
0.283922,0.0453612
0.291369,0.0491219
0.296301,0.073111
0.296303,0.068135
0.296305,0.0631589
0.296306,0.0581829
0.296308,0.0532068
0.3025,0.0475
0.3025,0.0525
0.3025,0.0575
0.3175,0.0625
0.3225,0.0675
0.3325,0.0725
0.3425,0.0775
0.3575,0.0825
0.3625,0.0875
0.3675,0.0125
0.3725,0.0175
0.3725,0.0925
0.3875,0.0975
0.3925,0.1025
0.4025,0.1075
0.4175,0.1125
0.4275,0.1175
0.4375,0.1225
0.4475,0.1275
0.4575,0.1325
0.4725,0.1375
0.4825,0.1425
