x,y
0.203672,0.00344638
0.21604,0.010997
0.23107,0.0178894
0.238634,0.0232986
0.246211,0.0284087
0.258837,0.033097
0.268911,0.0373145
0.276434,0.0414334
0.283922,0.0453612
0.291369,0.0491219
0.296301,0.073111
0.296303,0.068135
0.296305,0.0631589
0.296306,0.0581829
0.296308,0.0532068
0.3025,0.0475
0.3025,0.0525
0.3075,0.0575
0.3125,0.0625
0.3225,0.0675
0.3375,0.0725
0.3425,0.0775
0.3575,0.0825
0.3625,0.0125
0.3675,0.0875
0.3775,0.0925
0.3825,0.0175
0.3925,0.0975
0.3975,0.1025
0.4125,0.1075
0.4225,0.1125
0.4375,0.1175
0.4425,0.1225
0.4525,0.1275
0.4675,0.1325
0.4775,0.1375
