x,y
0.208596,0.00460049
0.218532,0.0114166
0.233588,0.0181102
0.241158,0.0234215
0.248737,0.0284387
0.256313,0.0331842
0.271424,0.0370892
0.273928,0.0417064
0.281429,0.0457045
0.293843,0.0486889
0.296303,0.068135
0.296305,0.0631589
0.296306,0.0581829
0.296308,0.0532068
0.3025,0.0475
0.3025,0.0525
0.3075,0.0575
0.3175,0.0625
0.3225,0.0675
0.3375,0.0725
0.3475,0.0775
0.3625,0.0825
0.3675,0.0125
0.3675,0.0875
0.3825,0.0175
0.3825,0.0925
0.3925,0.0975
0.4025,0.1025
0.4175,0.1075
0.4225,0.1125
0.4375,0.1175
0.4475,0.1225
0.4625,0.1275
0.4675,0.1325
0.4825,0.1375
