x,y
0.20613,0.00403962
0.223532,0.0121596
0.23107,0.0178894
0.238634,0.0232986
0.248737,0.0284387
0.26136,0.0329808
0.268911,0.0373145
0.278936,0.0411333
0.281429,0.0457045
0.291369,0.0491219
0.296303,0.068135
0.296305,0.0631589
0.296306,0.0581829
0.296308,0.0532068
0.3025,0.0475
0.3025,0.0525
0.3075,0.0575
0.3175,0.0625
0.3325,0.0675
0.3425,0.0725
0.3575,0.0775
0.3625,0.0825
0.3725,0.0125
0.3725,0.0875
0.3775,0.0175
0.3875,0.0925
0.3925,0.0975
0.4075,0.1025
0.4175,0.1075
0.4325,0.1125
0.4425,0.1175
0.4575,0.1225
0.4625,0.1275
0.4775,0.1325
