x,y
0.211068,0.00512887
0.226039,0.012483
0.233588,0.0181102
0.241158,0.0234215
0.251263,0.0284387
0.258837,0.033097
0.266395,0.0375118
0.276434,0.0414334
0.283922,0.0453612
0.296303,0.068135
0.296305,0.0631589
0.296306,0.0581829
0.296308,0.0532068
0.29631,0.0482308
0.3025,0.0475
0.3025,0.0525
0.3075,0.0575
0.3225,0.0625
0.3325,0.0675
0.3475,0.0725
0.3525,0.0775
0.3625,0.0825
0.3675,0.0125
0.3775,0.0875
0.3825,0.0175
0.3925,0.0925
0.3975,0.0975
0.4125,0.1025
0.4225,0.1075
0.4375,0.1125
0.4475,0.1175
0.4575,0.1225
0.4725,0.1275
0.4825,0.1325
