x,y
0.20613,0.00403962
0.218532,0.0114166
0.233588,0.0181102
0.241158,0.0234215
0.248737,0.0284387
0.26136,0.0329808
0.271424,0.0370892
0.278936,0.0411333
0.288895,0.0445965
0.291369,0.0491219
0.296303,0.068135
0.296305,0.0631589
0.296306,0.0581829
0.296308,0.0532068
0.3025,0.0475
0.3025,0.0525
0.3175,0.0575
0.3225,0.0625
0.3325,0.0675
0.3475,0.0725
0.3525,0.0775
0.3675,0.0125
0.3675,0.0825
0.3775,0.0875
0.3875,0.0175
0.3875,0.0925
0.4025,0.0975
0.4175,0.1025
0.4275,0.1075
0.4375,0.1125
0.4525,0.1175
0.4625,0.1225
0.4725,0.1275
