x,y
0.203672,0.00344638
0.223532,0.0121596
0.238631,0.0184574
0.241158,0.0234215
0.253789,0.0284087
0.26136,0.0329808
0.271424,0.0370892
0.278936,0.0411333
0.286411,0.0449919
0.296303,0.068135
0.296305,0.0631589
0.296306,0.0581829
0.296308,0.0532068
0.29631,0.0482308
0.3025,0.0425
0.3025,0.0475
0.3025,0.0525
0.3175,0.0575
0.3225,0.0625
0.3375,0.0675
0.3475,0.0725
0.3625,0.0775
0.3675,0.0825
0.3725,0.0125
0.3825,0.0875
0.3925,0.0175
0.3925,0.0925
0.4075,0.0975
0.4225,0.1025
0.4275,0.1075
0.4425,0.1125
0.4525,0.1175
0.4675,0.1225
0.4775,0.1275
