x,y
0.208596,0.00460049
0.22103,0.0118041
0.236108,0.0182996
0.243683,0.0235137
0.251263,0.0284387
0.266399,0.0326614
0.268911,0.0373145
0.278936,0.0411333
0.291373,0.0441751
0.296303,0.068135
0.296305,0.0631589
0.296306,0.0581829
0.296308,0.0532068
0.29631,0.0482308
0.3025,0.0475
0.3025,0.0525
0.3125,0.0575
0.3275,0.0625
0.3425,0.0675
0.3475,0.0725
0.3625,0.0775
0.3725,0.0825
0.3775,0.0125
0.3875,0.0175
0.3875,0.0875
0.3975,0.0925
0.4125,0.0975
0.4225,0.1025
0.4375,0.1075
0.4525,0.1125
0.4675,0.1175
0.4725,0.1225
