x,y
0.208596,0.00460049
0.22103,0.0118041
0.238631,0.0184574
0.243683,0.0235137
0.253789,0.0284087
0.266399,0.0326614
0.273933,0.0368358
0.281434,0.0408062
0.288895,0.0445965
0.296305,0.0631589
0.296306,0.0581829
0.296308,0.0532068
0.29631,0.0482308
0.3025,0.0425
0.3025,0.0475
0.3075,0.0525
0.3175,0.0575
0.3325,0.0625
0.3375,0.0675
0.3525,0.0725
0.3675,0.0775
0.3725,0.0125
0.3775,0.0825
0.3925,0.0175
0.3925,0.0875
0.4075,0.0925
0.4125,0.0975
0.4275,0.1025
0.4425,0.1075
0.4525,0.1125
0.4675,0.1175
0.4775,0.1225
