x,y
0.203672,0.00344638
0.223532,0.0121596
0.238631,0.0184574
0.246209,0.0235752
0.256315,0.0283489
0.268916,0.0324583
0.271424,0.0370892
0.286416,0.040071
0.291373,0.0441751
0.296305,0.0631589
0.296306,0.0581829
0.296308,0.0532068
0.29631,0.0482308
0.3025,0.0425
0.3025,0.0475
0.3075,0.0525
0.3225,0.0575
0.3375,0.0625
0.3425,0.0675
0.3525,0.0725
0.3675,0.0775
0.3775,0.0125
0.3825,0.0825
0.3975,0.0175
0.3975,0.0875
0.4025,0.0925
0.4175,0.0975
0.4325,0.1025
0.4425,0.1075
0.4575,0.1125
0.4725,0.1175
