x,y
0.1925,0.0025
0.1925,0.0075
0.1925,0.0125
0.1925,0.0175
0.1925,0.0225
0.1925,0.0275
0.1925,0.0325
0.1925,0.0375
0.1975,0.1975
0.201231,0.00776182
0.201231,0.012755
0.201232,0.0177482
0.203701,0.023212
0.206176,0.0286255
0.208658,0.0339908
0.211145,0.0393098
0.213637,0.0445847
0.216133,0.0498174
0.221132,0.0552581
0.223637,0.0603844
0.226145,0.0654761
0.228654,0.0705352
0.231164,0.0755639
0.236185,0.0806674
0.241208,0.0856867
0.243721,0.0905985
0.246233,0.095491
0.251255,0.100366
0.253765,0.105213
0.258783,0.110009
0.261289,0.114824
0.2663,0.119564
0.271306,0.124275
0.273806,0.129069
0.278804,0.133762
0.283798,0.13845
0.288787,0.14314
0.296259,0.16763
0.296261,0.162651
0.296262,0.157671
0.296264,0.152691
0.296265,0.147711
0.3025,0.1475
0.3025,0.1525
0.3025,0.1575
0.3125,0.1625
0.3175,0.1675
0.3225,0.0125
0.3225,0.1725
0.3275,0.0175
0.3325,0.0225
0.3325,0.1775
0.3375,0.0275
0.3425,0.1825
0.3475,0.0325
0.3475,0.0375
0.3475,0.1875
0.3525,0.0425
0.3575,0.0475
0.3575,0.1925
0.3625,0.0525
0.3675,0.0575
0.3725,0.0625
0.3725,0.1975
0.3775,0.0675
0.3825,0.0725
0.3825,0.0775
0.3875,0.0825
0.3925,0.0875
0.3975,0.0925
