x,y
0.1925,0.0025
0.1925,0.0075
0.1925,0.0125
0.1925,0.0175
0.1925,0.0225
0.1925,0.0275
0.1925,0.0325
0.1975,0.1975
0.201231,0.00776182
0.201231,0.012755
0.203699,0.018232
0.206174,0.0236581
0.208655,0.0290353
0.211142,0.0343655
0.213634,0.0396509
0.216129,0.0448934
0.221128,0.0503516
0.223633,0.0554856
0.226141,0.0605843
0.22865,0.0656498
0.231161,0.070684
0.236182,0.0757967
0.238695,0.0807534
0.24372,0.0857362
0.246232,0.0906301
0.251256,0.0955061
0.256275,0.105185
0.256276,0.100323
0.261291,0.109957
0.268806,0.119482
0.268809,0.114603
0.27381,0.124177
0.281308,0.128734
0.283802,0.133526
0.288791,0.138196
0.296261,0.162651
0.296262,0.157671
0.296264,0.152691
0.296265,0.147711
0.296266,0.142731
0.3025,0.1425
0.3025,0.1475
0.3025,0.1525
0.3075,0.1575
0.3175,0.1625
0.3225,0.0125
0.3225,0.1675
0.3275,0.0175
0.3325,0.0225
0.3325,0.1725
0.3375,0.1775
0.3425,0.0275
0.3425,0.1825
0.3475,0.0325
0.3525,0.0375
0.3525,0.1875
0.3575,0.0425
0.3625,0.0475
0.3625,0.1925
0.3675,0.0525
0.3725,0.0575
0.3725,0.1975
0.3775,0.0625
0.3775,0.0675
0.3825,0.0725
0.3875,0.0775
0.3925,0.0825
0.3975,0.0875
