x,y
0.1975,0.1975
0.201231,0.00776182
0.203698,0.0132521
0.206172,0.0186907
0.208653,0.0240798
0.211139,0.0294212
0.21363,0.034717
0.216126,0.0399694
0.221124,0.0454451
0.223629,0.0505868
0.226137,0.0556925
0.228647,0.0607643
0.233667,0.0659394
0.23618,0.070926
0.241205,0.0759579
0.243719,0.080874
0.248744,0.0857858
0.251256,0.090646
0.256278,0.0954608
0.258786,0.10028
0.263802,0.105021
0.268812,0.109723
0.271314,0.114504
0.276316,0.11917
0.281312,0.123819
0.283806,0.128602
0.288794,0.133252
0.296262,0.157671
0.296264,0.152691
0.296265,0.147711
0.296266,0.142731
0.296268,0.137751
0.3025,0.1375
0.3025,0.1425
0.3025,0.1475
0.3075,0.1525
0.3175,0.1575
0.3225,0.0125
0.3225,0.1625
0.3275,0.0175
0.3275,0.1675
0.3375,0.0225
0.3375,0.1725
0.3425,0.0275
0.3425,0.1775
0.3525,0.0325
0.3525,0.1825
0.3575,0.0375
0.3575,0.1875
0.3625,0.0425
0.3675,0.0475
0.3675,0.1925
0.3725,0.0525
0.3775,0.0575
0.3825,0.0625
0.3825,0.1975
0.3875,0.0675
0.3875,0.0725
0.3925,0.0775
0.3975,0.0825
