x,y
0.20123,0.00276862
0.203697,0.00827214
0.20617,0.0137233
0.20865,0.0191243
0.211136,0.0244769
0.213626,0.0297832
0.216122,0.0350454
0.22112,0.0405386
0.223625,0.045688
0.226133,0.0508008
0.231151,0.0560445
0.233664,0.0610644
0.238689,0.0661518
0.241203,0.0710935
0.24623,0.0760475
0.248744,0.0809256
0.251256,0.0857858
0.253768,0.0906301
0.258788,0.0954155
0.263804,0.10015
0.266309,0.104939
0.271317,0.109619
0.276319,0.114271
0.278816,0.119043
0.286306,0.123526
0.29129,0.128145
0.293779,0.13294
0.296264,0.152691
0.296265,0.147711
0.296266,0.142731
0.296268,0.137751
0.3025,0.1325
0.3025,0.1375
0.3025,0.1425
0.3075,0.1475
0.3175,0.1525
0.3225,0.0125
0.3225,0.1575
0.3275,0.1625
0.3325,0.0175
0.3325,0.1675
0.3375,0.0225
0.3425,0.0275
0.3425,0.1725
0.3525,0.0325
0.3525,0.1775
0.3575,0.1825
0.3625,0.0375
0.3625,0.1875
0.3675,0.0425
0.3725,0.0475
0.3775,0.0525
0.3775,0.1925
0.3825,0.0575
0.3875,0.0625
0.3875,0.1975
0.3925,0.0675
0.3975,0.0725
0.4025,0.0775
