x,y
0.203695,0.00329219
0.206168,0.00875596
0.20617,0.0137233
0.211132,0.0195326
0.213623,0.0248494
0.216118,0.0301213
0.218617,0.0353504
0.223621,0.0407893
0.226129,0.045909
0.231148,0.0511647
0.233661,0.0561895
0.238687,0.0612846
0.241201,0.0662291
0.246229,0.0711866
0.248743,0.0760654
0.253769,0.0809084
0.25628,0.0857362
0.2613,0.0904879
0.266315,0.0951889
0.268819,0.0999631
0.273825,0.10461
0.276323,0.109372
0.28132,0.113989
0.286309,0.118592
0.291293,0.12319
0.296265,0.147711
0.296266,0.142731
0.296268,0.137751
0.296269,0.132771
0.29627,0.127791
0.3025,0.1275
0.3025,0.1325
0.3025,0.1375
0.3075,0.1425
0.3125,0.1475
0.3225,0.0125
0.3225,0.1525
0.3275,0.1575
0.3325,0.0175
0.3325,0.1625
0.3375,0.0225
0.3425,0.1675
0.3475,0.0275
0.3475,0.1725
0.3525,0.0325
0.3575,0.1775
0.3625,0.0375
0.3625,0.1825
0.3725,0.0425
0.3725,0.1875
0.3775,0.0475
0.3825,0.0525
0.3825,0.1925
0.3875,0.0575
0.3925,0.0625
0.3975,0.0675
0.3975,0.1975
0.4025,0.0725
0.4075,0.0775
