x,y
0.203695,0.00329219
0.206168,0.00875596
0.208647,0.0141687
0.211132,0.0195326
0.216114,0.0251973
0.218613,0.0304355
0.221116,0.0356321
0.226125,0.0410172
0.228636,0.0461079
0.233658,0.0513146
0.236172,0.0563138
0.2412,0.0613647
0.243715,0.0662871
0.248743,0.0712053
0.251257,0.0760654
0.256281,0.080874
0.258792,0.0856867
0.26381,0.0904088
0.268822,0.0950833
0.271324,0.099848
0.276327,0.104474
0.281324,0.109074
0.283817,0.11383
0.288803,0.118419
0.293783,0.123006
0.296266,0.142731
0.296268,0.137751
0.296269,0.132771
0.29627,0.127791
0.3025,0.1225
0.3025,0.1275
0.3025,0.1325
0.3075,0.1375
0.3125,0.1425
0.3175,0.1475
0.3225,0.0125
0.3275,0.1525
0.3325,0.0175
0.3325,0.1575
0.3375,0.0225
0.3375,0.1625
0.3475,0.0275
0.3475,0.1675
0.3525,0.1725
0.3575,0.0325
0.3575,0.1775
0.3675,0.0375
0.3675,0.1825
0.3775,0.0425
0.3775,0.0475
0.3775,0.1875
0.3875,0.0525
0.3875,0.1925
0.3925,0.0575
0.3975,0.0625
0.4025,0.0675
0.4025,0.1975
0.4075,0.0725
