x,y
0.206166,0.00378858
0.206168,0.00875596
0.211129,0.0145882
0.213619,0.0199156
0.216114,0.0251973
0.221112,0.0307256
0.223617,0.0358905
0.228632,0.0412225
0.231144,0.0462848
0.236169,0.0514431
0.238684,0.0564174
0.243713,0.0614248
0.246229,0.0663258
0.251257,0.0712053
0.25377,0.0760475
0.258793,0.0808223
0.263812,0.0855381
0.266318,0.090314
0.273829,0.0997185
0.273832,0.0948268
0.278828,0.104323
0.286316,0.108724
0.288807,0.113475
0.293785,0.118038
0.296268,0.137751
0.296269,0.132771
0.29627,0.127791
0.296272,0.122811
0.3025,0.1175
0.3025,0.1225
0.3025,0.1275
0.3075,0.1325
0.3125,0.1375
0.3175,0.1425
0.3225,0.0125
0.3225,0.1475
0.3325,0.1525
0.3375,0.0175
0.3375,0.1575
0.3425,0.0225
0.3425,0.1625
0.3525,0.0275
0.3525,0.1675
0.3575,0.0325
0.3575,0.1725
0.3675,0.0375
0.3675,0.1775
0.3725,0.0425
0.3725,0.1825
0.3825,0.1875
0.3875,0.0475
0.3875,0.0525
0.3925,0.1925
0.3975,0.0575
0.4025,0.0625
0.4075,0.0675
0.4075,0.1975
