x,y
0.203695,0.00329219
0.208645,0.00921325
0.211129,0.0145882
0.21611,0.0202733
0.221108,0.0258191
0.226118,0.0312337
0.228628,0.036337
0.233652,0.0415647
0.23868,0.046683
0.241196,0.0516359
0.246227,0.056604
0.248743,0.0614849
0.256285,0.0662871
0.258797,0.0710935
0.263818,0.0757967
0.268832,0.0804437
0.271335,0.0851916
0.276339,0.0897772
0.281335,0.0943294
0.283829,0.0990576
0.288813,0.103586
0.29379,0.108104
0.29627,0.127791
0.296272,0.122811
0.296273,0.117831
0.296275,0.112851
0.3025,0.1075
0.3025,0.1125
0.3025,0.1175
0.3075,0.1225
0.3125,0.1275
0.3175,0.1325
0.3225,0.1375
0.3275,0.0125
0.3275,0.1425
0.3375,0.0175
0.3375,0.1475
0.3425,0.0225
0.3425,0.1525
0.3475,0.1575
0.3525,0.0275
0.3575,0.1625
0.3625,0.0325
0.3625,0.1675
0.3725,0.0375
0.3725,0.1725
0.3775,0.0425
0.3775,0.1775
0.3875,0.0475
0.3875,0.1825
0.3925,0.1875
0.3975,0.0525
0.4025,0.1925
0.4075,0.0575
0.4225,0.1975
