x,y
0.203695,0.00329219
0.208645,0.00921325
0.213616,0.0149818
0.218605,0.0206056
0.221108,0.0258191
0.226118,0.0312337
0.228628,0.036337
0.236164,0.0417017
0.23868,0.046683
0.243711,0.0517002
0.248742,0.0566247
0.251257,0.0614849
0.258799,0.0662291
0.26382,0.070926
0.266327,0.0756892
0.271339,0.0803062
0.27384,0.0850432
0.27884,0.0896036
0.283832,0.0941336
0.286324,0.0988567
0.291304,0.103368
0.29627,0.127791
0.296272,0.122811
0.296273,0.117831
0.296275,0.112851
0.296276,0.107871
0.3025,0.1075
0.3025,0.1125
0.3075,0.1175
0.3125,0.1225
0.3175,0.1275
0.3225,0.1325
0.3275,0.0125
0.3275,0.1375
0.3325,0.0175
0.3325,0.1425
0.3375,0.1475
0.3425,0.0225
0.3475,0.1525
0.3525,0.0275
0.3525,0.1575
0.3575,0.1625
0.3625,0.0325
0.3675,0.0375
0.3675,0.1675
0.3725,0.1725
0.3825,0.0425
0.3825,0.1775
0.3925,0.0475
0.3925,0.1825
0.4025,0.1875
0.4075,0.1925
0.4225,0.1975
