x,y
0.203695,0.00329219
0.208645,0.00921325
0.213616,0.0149818
0.218605,0.0206056
0.223609,0.0260929
0.228625,0.0314515
0.231137,0.0365251
0.238678,0.0418158
0.241194,0.0467716
0.246226,0.0517431
0.251258,0.0566247
0.256287,0.0614248
0.258799,0.0662291
0.26382,0.070926
0.271343,0.0754207
0.273844,0.0801514
0.278844,0.0846971
0.283836,0.0892096
0.286327,0.0939229
0.291306,0.0984123
0.296272,0.122811
0.296273,0.117831
0.296275,0.112851
0.296276,0.107871
0.296277,0.102891
0.3025,0.1025
0.3025,0.1075
0.3075,0.1125
0.3125,0.1175
0.3175,0.1225
0.3225,0.1275
0.3275,0.0125
0.3275,0.1325
0.3325,0.1375
0.3375,0.0175
0.3375,0.1425
0.3475,0.0225
0.3475,0.1475
0.3525,0.0275
0.3525,0.1525
0.3575,0.1575
0.3625,0.0325
0.3675,0.1625
0.3725,0.0375
0.3725,0.1675
0.3825,0.0425
0.3825,0.1725
0.3875,0.1775
0.3925,0.0475
0.3975,0.1825
0.4075,0.1875
0.4175,0.1925
0.4325,0.1975
