x,y
0.203695,0.00329219
0.208645,0.00921325
0.216107,0.0153493
0.221104,0.0209126
0.223609,0.0260929
0.231134,0.0316453
0.233649,0.0366898
0.238678,0.0418158
0.246226,0.0468822
0.248742,0.0517646
0.253773,0.056604
0.256287,0.0614248
0.263823,0.0660552
0.268839,0.070684
0.271343,0.0754207
0.276347,0.0799796
0.28384,0.0842856
0.288823,0.088753
0.291309,0.0934568
0.296273,0.117831
0.296275,0.112851
0.296276,0.107871
0.296277,0.102891
0.296279,0.0979112
0.3025,0.0975
0.3025,0.1025
0.3075,0.1075
0.3125,0.1125
0.3175,0.1175
0.3225,0.1225
0.3275,0.0125
0.3275,0.1275
0.3325,0.1325
0.3375,0.0175
0.3375,0.1375
0.3425,0.1425
0.3475,0.0225
0.3525,0.0275
0.3525,0.1475
0.3575,0.1525
0.3625,0.0325
0.3625,0.1575
0.3725,0.1625
0.3775,0.0375
0.3775,0.1675
0.3825,0.0425
0.3875,0.1725
0.3925,0.1775
0.4025,0.1825
0.4125,0.1875
0.4225,0.1925
0.4375,0.1975
