x,y
0.203695,0.00329219
0.211126,0.00964392
0.216107,0.0153493
0.221104,0.0209126
0.226114,0.0263419
0.233645,0.0318148
0.236161,0.0368309
0.241193,0.0419072
0.248742,0.0469044
0.251258,0.0517646
0.258802,0.0565003
0.263826,0.0611845
0.266333,0.0659394
0.271346,0.0705352
0.278852,0.0748841
0.283844,0.0793615
0.286334,0.0840553
0.291312,0.0885013
0.296275,0.112851
0.296276,0.107871
0.296277,0.102891
0.296279,0.0979112
0.29628,0.0929313
0.3025,0.0875
0.3025,0.0925
0.3025,0.0975
0.3075,0.1025
0.3125,0.1075
0.3175,0.1125
0.3275,0.1175
0.3325,0.0125
0.3325,0.1225
0.3375,0.0175
0.3375,0.1275
0.3425,0.1325
0.3475,0.0225
0.3475,0.1375
0.3525,0.1425
0.3575,0.0275
0.3625,0.1475
0.3675,0.0325
0.3675,0.1525
0.3775,0.0375
0.3775,0.1575
0.3825,0.1625
0.3875,0.0425
0.3875,0.1675
0.3975,0.1725
0.4075,0.1775
0.4125,0.1825
0.4225,0.1875
0.4325,0.1925
0.4475,0.1975
