x,y
0.20123,0.00276862
0.208645,0.00921325
0.216107,0.0153493
0.223605,0.0211941
0.228621,0.0265661
0.231134,0.0316453
0.238675,0.0369486
0.243708,0.0419757
0.246226,0.0468822
0.253774,0.0517431
0.261316,0.0564174
0.263826,0.0611845
0.268842,0.0658042
0.276355,0.070182
0.281351,0.0746697
0.283844,0.0793615
0.288826,0.0838087
0.296276,0.107871
0.296277,0.102891
0.296279,0.0979112
0.29628,0.0929313
0.296281,0.0879513
0.3025,0.0875
0.3025,0.0925
0.3075,0.0975
0.3125,0.1025
0.3175,0.1075
0.3225,0.1125
0.3275,0.1175
0.3325,0.0125
0.3375,0.1225
0.3425,0.0175
0.3425,0.1275
0.3475,0.0225
0.3475,0.1325
0.3525,0.1375
0.3575,0.0275
0.3625,0.1425
0.3675,0.0325
0.3675,0.1475
0.3725,0.1525
0.3775,0.0375
0.3825,0.1575
0.3875,0.1625
0.3975,0.1675
0.4025,0.1725
0.4125,0.1775
0.4175,0.1825
0.4275,0.1875
0.4375,0.1925
0.4525,0.1975
