x,y
0.203695,0.00329219
0.211126,0.00964392
0.218601,0.0156907
0.22611,0.0214501
0.228621,0.0265661
0.233645,0.0318148
0.241191,0.0370428
0.246225,0.0420214
0.253774,0.0468822
0.256289,0.0517002
0.263828,0.0563138
0.268846,0.0609243
0.276359,0.0652832
0.278856,0.0699776
0.283848,0.0744375
0.291317,0.0785903
0.296277,0.102891
0.296279,0.0979112
0.29628,0.0929313
0.296281,0.0879513
0.296283,0.0829714
0.3025,0.0775
0.3025,0.0825
0.3025,0.0875
0.3075,0.0925
0.3125,0.0975
0.3175,0.1025
0.3275,0.1075
0.3325,0.0125
0.3325,0.1125
0.3425,0.0175
0.3425,0.1175
0.3475,0.1225
0.3525,0.0225
0.3525,0.1275
0.3575,0.1325
0.3625,0.0275
0.3675,0.1375
0.3725,0.0325
0.3725,0.1425
0.3775,0.1475
0.3825,0.0375
0.3875,0.1525
0.3925,0.1575
0.4025,0.1625
0.4075,0.1675
0.4175,0.1725
0.4225,0.1775
0.4325,0.1825
0.4425,0.1875
0.4525,0.1925
0.4675,0.1975
