x,y
0.206166,0.00378858
0.208645,0.00921325
0.2211,0.0160061
0.223605,0.0211941
0.228621,0.0265661
0.236159,0.0319602
0.243707,0.0371134
0.251258,0.0420442
0.251258,0.0469044
0.258804,0.0516359
0.266339,0.0561895
0.273859,0.0605843
0.276359,0.0652832
0.281355,0.0697548
0.288832,0.07392
0.291317,0.0785903
0.296277,0.102891
0.296279,0.0979112
0.29628,0.0929313
0.296281,0.0879513
0.296283,0.0829714
0.3025,0.0775
0.3025,0.0825
0.3025,0.0875
0.3125,0.0925
0.3175,0.0975
0.3225,0.1025
0.3275,0.1075
0.3325,0.0125
0.3375,0.1125
0.3425,0.0175
0.3425,0.1175
0.3475,0.1225
0.3525,0.0225
0.3575,0.1275
0.3625,0.0275
0.3625,0.1325
0.3675,0.1375
0.3725,0.0325
0.3775,0.1425
0.3825,0.0375
0.3825,0.1475
0.3875,0.1525
0.3975,0.1575
0.4025,0.1625
0.4125,0.1675
0.4175,0.1725
0.4275,0.1775
0.4375,0.1825
0.4475,0.1875
0.4575,0.1925
0.4725,0.1975
