x,y
0.203695,0.00329219
0.211126,0.00964392
0.218601,0.0156907
0.22611,0.0214501
0.231131,0.0267654
0.238673,0.0320814
0.246224,0.0371605
0.253775,0.0420214
0.25629,0.046838
0.261318,0.0515502
0.268849,0.0560445
0.276363,0.0603844
0.283855,0.0645895
0.286345,0.0692538
0.29132,0.0736348
0.296279,0.0979112
0.29628,0.0929313
0.296281,0.0879513
0.296283,0.0829714
0.296284,0.0779914
0.3025,0.0725
0.3025,0.0775
0.3025,0.0825
0.3075,0.0875
0.3175,0.0925
0.3275,0.0975
0.3275,0.1025
0.3375,0.0125
0.3375,0.1075
0.3425,0.1125
0.3475,0.0175
0.3525,0.1175
0.3575,0.0225
0.3575,0.1225
0.3675,0.0275
0.3675,0.1275
0.3725,0.1325
0.3775,0.0325
0.3775,0.1375
0.3875,0.1425
0.3925,0.0375
0.3925,0.1475
0.4025,0.1525
0.4075,0.1575
0.4175,0.1625
0.4225,0.1675
0.4325,0.1725
0.4425,0.1775
0.4525,0.1825
0.4575,0.1875
0.4725,0.1925
0.4825,0.1975
