x,y
0.206166,0.00378858
0.213612,0.0100479
0.2211,0.0160061
0.228618,0.0216806
0.233642,0.0269399
0.241189,0.0321784
0.243707,0.0371134
0.251258,0.0420442
0.258806,0.0467716
0.263831,0.0514431
0.271357,0.0558788
0.273859,0.0605843
0.281359,0.0648399
0.288835,0.0689757
0.29132,0.0736348
0.29628,0.0929313
0.296281,0.0879513
0.296283,0.0829714
0.296284,0.0779914
0.3025,0.0725
0.3025,0.0775
0.3075,0.0825
0.3125,0.0875
0.3175,0.0925
0.3275,0.0975
0.3325,0.1025
0.3375,0.0125
0.3425,0.1075
0.3475,0.0175
0.3475,0.1125
0.3525,0.1175
0.3575,0.0225
0.3625,0.1225
0.3675,0.1275
0.3725,0.0275
0.3775,0.0325
0.3775,0.1325
0.3825,0.1375
0.3925,0.1425
0.4025,0.1475
0.4075,0.1525
0.4125,0.1575
0.4175,0.1625
0.4275,0.1675
0.4375,0.1725
0.4425,0.1775
0.4575,0.1825
0.4625,0.1875
0.4725,0.1925
0.4875,0.1975
