x,y
0.203695,0.00329219
0.213612,0.0100479
0.2211,0.0160061
0.228618,0.0216806
0.236156,0.0270895
0.243706,0.0322511
0.251259,0.037184
0.253775,0.0420214
0.258806,0.0467716
0.266342,0.0513146
0.273863,0.0556925
0.281363,0.059925
0.283855,0.0645895
0.293807,0.0683645
0.29628,0.0929313
0.296281,0.0879513
0.296283,0.0829714
0.296284,0.0779914
0.296286,0.0730115
0.3025,0.0675
0.3025,0.0725
0.3025,0.0775
0.3125,0.0825
0.3175,0.0875
0.3225,0.0925
0.3325,0.0975
0.3425,0.0125
0.3425,0.1025
0.3475,0.1075
0.3525,0.0175
0.3575,0.1125
0.3625,0.0225
0.3625,0.1175
0.3725,0.0275
0.3725,0.1225
0.3775,0.1275
0.3875,0.1325
0.3925,0.1375
0.4025,0.1425
0.4075,0.1475
0.4175,0.1525
0.4225,0.1575
0.4325,0.1625
0.4425,0.1675
0.4475,0.1725
0.4575,0.1775
0.4675,0.1825
0.4775,0.1875
0.4875,0.1975
