x,y
0.206166,0.00378858
0.216103,0.0104253
0.223601,0.0162953
0.231127,0.0218856
0.238671,0.0272142
0.246223,0.0322996
0.253776,0.0371605
0.258807,0.0419072
0.266345,0.0464396
0.276371,0.0505868
0.278868,0.0552581
0.283859,0.0596655
0.293809,0.0633971
0.296283,0.0829714
0.296284,0.0779914
0.296286,0.0730115
0.296287,0.0680315
0.3025,0.0625
0.3025,0.0675
0.3025,0.0725
0.3125,0.0775
0.3225,0.0825
0.3275,0.0875
0.3375,0.0925
0.3425,0.0125
0.3475,0.0975
0.3525,0.1025
0.3575,0.0175
0.3625,0.1075
0.3675,0.0225
0.3675,0.1125
0.3775,0.1175
0.3875,0.1225
0.3925,0.1275
0.4025,0.1325
0.4125,0.1375
0.4175,0.1425
0.4275,0.1475
0.4375,0.1525
0.4425,0.1575
0.4525,0.1625
0.4625,0.1675
0.4725,0.1725
0.4825,0.1775
0.4875,0.1975
