x,y
0.203695,0.00329219
0.213612,0.0100479
0.226106,0.0165583
0.233639,0.022065
0.241187,0.027314
0.248741,0.0323239
0.256293,0.0371134
0.263836,0.0417017
0.266345,0.0464396
0.273867,0.0508008
0.281367,0.05501
0.288842,0.0590871
0.296283,0.0829714
0.296284,0.0779914
0.296286,0.0730115
0.296287,0.0680315
0.296288,0.0630516
0.3025,0.0625
0.3025,0.0675
0.3075,0.0725
0.3175,0.0775
0.3275,0.0825
0.3325,0.0875
0.3425,0.0925
0.3475,0.0125
0.3525,0.0175
0.3525,0.0975
0.3575,0.1025
0.3675,0.0225
0.3675,0.1075
0.3775,0.1125
0.3825,0.1175
0.3925,0.1225
0.4025,0.1275
0.4075,0.1325
0.4175,0.1375
0.4275,0.1425
0.4325,0.1475
0.4425,0.1525
0.4525,0.1575
0.4575,0.1625
0.4675,0.1675
0.4775,0.1725
0.4875,0.1975
