x,y
0.206166,0.00378858
0.216103,0.0104253
0.223601,0.0162953
0.231127,0.0218856
0.238671,0.0272142
0.246223,0.0322996
0.253776,0.0371605
0.261322,0.0418158
0.268856,0.0462848
0.276371,0.0505868
0.283863,0.0547414
0.296284,0.0779914
0.296286,0.0730115
0.296287,0.0680315
0.296288,0.0630516
0.29629,0.0580716
0.3025,0.0575
0.3025,0.0625
0.3075,0.0675
0.3175,0.0725
0.3225,0.0775
0.3325,0.0825
0.3425,0.0875
0.3475,0.0125
0.3475,0.0925
0.3575,0.0975
0.3625,0.0175
0.3675,0.1025
0.3725,0.0225
0.3725,0.1075
0.3825,0.1125
0.3975,0.1175
0.4075,0.1225
0.4125,0.1275
0.4225,0.1325
0.4325,0.1375
0.4375,0.1425
0.4475,0.1475
0.4575,0.1525
0.4675,0.1575
0.4775,0.1625
