x,y
0.203695,0.00329219
0.218597,0.0107758
0.231124,0.0170057
0.233639,0.022065
0.246222,0.0274387
0.253777,0.0322996
0.261325,0.0369486
0.268859,0.041405
0.276375,0.045688
0.283867,0.0498174
0.291331,0.0538128
0.296284,0.0779914
0.296286,0.0730115
0.296287,0.0680315
0.296288,0.0630516
0.29629,0.0580716
0.3025,0.0525
0.3025,0.0575
0.3025,0.0625
0.3125,0.0675
0.3225,0.0725
0.3375,0.0775
0.3425,0.0825
0.3525,0.0125
0.3525,0.0875
0.3625,0.0925
0.3675,0.0175
0.3675,0.0975
0.3725,0.0225
0.3775,0.1025
0.3925,0.1075
0.3975,0.1125
0.4075,0.1175
0.4175,0.1225
0.4325,0.1275
0.4375,0.1325
0.4475,0.1375
0.4575,0.1425
0.4675,0.1475
0.4775,0.1525
