x,y
0.203695,0.00329219
0.213612,0.0100479
0.228614,0.0167951
0.236153,0.0222188
0.243704,0.0273888
0.251259,0.0323239
0.258809,0.0370428
0.266348,0.0415647
0.273871,0.045909
0.281371,0.0500951
0.293813,0.0534624
0.296286,0.0730115
0.296287,0.0680315
0.296288,0.0630516
0.29629,0.0580716
0.3025,0.0525
0.3025,0.0575
0.3025,0.0625
0.3125,0.0675
0.3275,0.0725
0.3325,0.0775
0.3425,0.0825
0.3525,0.0125
0.3525,0.0875
0.3675,0.0925
0.3725,0.0175
0.3725,0.0975
0.3775,0.0225
0.3825,0.1025
0.3925,0.1075
0.4025,0.1125
0.4125,0.1175
0.4225,0.1225
0.4325,0.1275
0.4425,0.1325
0.4525,0.1375
0.4675,0.1425
0.4725,0.1475
