x,y
0.203695,0.00329219
0.216103,0.0104253
0.231124,0.0170057
0.238669,0.022347
0.246222,0.0274387
0.253777,0.0322996
0.261325,0.0369486
0.268859,0.041405
0.276375,0.045688
0.283867,0.0498174
0.291331,0.0538128
0.296286,0.0730115
0.296287,0.0680315
0.296288,0.0630516
0.29629,0.0580716
0.3025,0.0525
0.3025,0.0575
0.3075,0.0625
0.3175,0.0675
0.3325,0.0725
0.3325,0.0775
0.3475,0.0825
0.3575,0.0125
0.3575,0.0875
0.3625,0.0175
0.3725,0.0925
0.3725,0.0975
0.3825,0.0225
0.3875,0.1025
0.3975,0.1075
0.4025,0.1125
0.4175,0.1175
0.4275,0.1225
0.4375,0.1275
0.4475,0.1325
0.4575,0.1375
0.4675,0.1425
0.4775,0.1475
