x,y
0.203695,0.00329219
0.213612,0.0100479
0.228614,0.0167951
0.236153,0.0222188
0.243704,0.0273888
0.256294,0.0322511
0.263839,0.0368309
0.273875,0.0410172
0.281375,0.0451802
0.288848,0.0491984
0.293813,0.0534624
0.296286,0.0730115
0.296287,0.0680315
0.296288,0.0630516
0.29629,0.0580716
0.3025,0.0525
0.3025,0.0575
0.3125,0.0625
0.3175,0.0675
0.3275,0.0725
0.3375,0.0775
0.3525,0.0825
0.3575,0.0125
0.3575,0.0875
0.3675,0.0175
0.3675,0.0925
0.3825,0.0225
0.3825,0.0975
0.3875,0.1025
0.3975,0.1075
0.4075,0.1125
0.4225,0.1175
0.4275,0.1225
0.4425,0.1275
0.4525,0.1325
0.4625,0.1375
0.4675,0.1425
0.4825,0.1475
