x,y
0.206166,0.00378858
0.218597,0.0107758
0.231124,0.0170057
0.238669,0.022347
0.248741,0.0274637
0.256294,0.0322511
0.263839,0.0368309
0.271368,0.0412225
0.278876,0.0454451
0.286359,0.0495185
0.296286,0.0730115
0.296287,0.0680315
0.296288,0.0630516
0.29629,0.0580716
0.296291,0.0530917
0.3025,0.0475
0.3025,0.0525
0.3025,0.0575
0.3175,0.0625
0.3175,0.0675
0.3325,0.0725
0.3375,0.0775
0.3475,0.0825
0.3575,0.0125
0.3625,0.0875
0.3725,0.0175
0.3725,0.0925
0.3875,0.0975
0.3925,0.1025
0.4025,0.1075
0.4175,0.1125
0.4225,0.1175
0.4325,0.1225
0.4425,0.1275
0.4575,0.1325
0.4625,0.1375
0.4775,0.1425
