x,y
0.203695,0.00329219
0.221096,0.0110996
0.233636,0.0171901
0.236153,0.0222188
0.251259,0.0274637
0.258811,0.0321784
0.266351,0.0366898
0.273875,0.0410172
0.281375,0.0451802
0.288848,0.0491984
0.296287,0.0680315
0.296288,0.0630516
0.29629,0.0580716
0.296291,0.0530917
0.3025,0.0475
0.3025,0.0525
0.3075,0.0575
0.3225,0.0625
0.3275,0.0675
0.3375,0.0725
0.3475,0.0775
0.3625,0.0125
0.3625,0.0825
0.3675,0.0175
0.3675,0.0875
0.3775,0.0925
0.3925,0.0975
0.4025,0.1025
0.4175,0.1075
0.4225,0.1125
0.4325,0.1175
0.4475,0.1225
0.4575,0.1275
0.4675,0.1325
0.4775,0.1375
