x,y
0.206166,0.00378858
0.218597,0.0107758
0.233636,0.0171901
0.241185,0.0224496
0.248741,0.0274637
0.256294,0.0322511
0.271372,0.036337
0.27888,0.0405386
0.281375,0.0451802
0.291334,0.0488573
0.296287,0.0680315
0.296288,0.0630516
0.29629,0.0580716
0.296291,0.0530917
0.3025,0.0475
0.3025,0.0525
0.3075,0.0575
0.3175,0.0625
0.3275,0.0675
0.3425,0.0725
0.3475,0.0775
0.3575,0.0825
0.3625,0.0125
0.3725,0.0175
0.3725,0.0875
0.3825,0.0925
0.3975,0.0975
0.4025,0.1025
0.4125,0.1075
0.4275,0.1125
0.4375,0.1175
0.4475,0.1225
0.4575,0.1275
0.4725,0.1325
