x,y
0.203695,0.00329219
0.218597,0.0107758
0.231124,0.0170057
0.241185,0.0224496
0.248741,0.0274637
0.261327,0.0320814
0.271372,0.036337
0.27888,0.0405386
0.286363,0.0445847
0.296287,0.0680315
0.296288,0.0630516
0.29629,0.0580716
0.296291,0.0530917
0.296292,0.0481117
0.3025,0.0425
0.3025,0.0475
0.3025,0.0525
0.3175,0.0575
0.3225,0.0625
0.3325,0.0675
0.3475,0.0725
0.3625,0.0775
0.3675,0.0125
0.3675,0.0825
0.3825,0.0875
0.3875,0.0175
0.3925,0.0925
0.4075,0.0975
0.4175,0.1025
0.4275,0.1075
0.4375,0.1125
0.4525,0.1175
0.4625,0.1225
0.4775,0.1275
