x,y
0.208642,0.00425774
0.221096,0.0110996
0.236151,0.0173481
0.243703,0.0225265
0.251259,0.0274637
0.263841,0.0319602
0.273878,0.0361254
0.281379,0.0402653
0.288851,0.0442541
0.296287,0.0680315
0.296288,0.0630516
0.29629,0.0580716
0.296291,0.0530917
0.296292,0.0481117
0.3025,0.0475
0.3075,0.0525
0.3125,0.0575
0.3225,0.0625
0.3375,0.0675
0.3525,0.0725
0.3575,0.0775
0.3675,0.0125
0.3725,0.0825
0.3775,0.0175
0.3825,0.0875
0.3975,0.0925
0.4075,0.0975
0.4225,0.1025
0.4275,0.1075
0.4425,0.1125
0.4525,0.1175
0.4675,0.1225
0.4775,0.1275
