x,y
0.203695,0.00329219
0.221096,0.0110996
0.238667,0.0174798
0.241185,0.0224496
0.251259,0.0274637
0.261327,0.0320814
0.271372,0.036337
0.27888,0.0405386
0.286363,0.0445847
0.296288,0.0630516
0.29629,0.0580716
0.296291,0.0530917
0.296292,0.0481117
0.3025,0.0425
0.3025,0.0475
0.3025,0.0525
0.3175,0.0575
0.3325,0.0625
0.3375,0.0675
0.3475,0.0725
0.3625,0.0775
0.3675,0.0125
0.3725,0.0825
0.3825,0.0175
0.3875,0.0875
0.4025,0.0925
0.4075,0.0975
0.4225,0.1025
0.4325,0.1075
0.4475,0.1125
0.4575,0.1175
0.4675,0.1225
0.4825,0.1275
