x,y
0.206166,0.00378858
0.218597,0.0107758
0.233636,0.0171901
0.243703,0.0225265
0.253778,0.0274387
0.263841,0.0319602
0.273878,0.0361254
0.286363,0.0445847
0.286366,0.0396509
0.296288,0.0630516
0.29629,0.0580716
0.296291,0.0530917
0.296292,0.0481117
0.3025,0.0425
0.3025,0.0475
0.3025,0.0525
0.3175,0.0575
0.3275,0.0625
0.3425,0.0675
0.3525,0.0725
0.3625,0.0775
0.3675,0.0125
0.3825,0.0175
0.3825,0.0825
0.3875,0.0875
0.3975,0.0925
0.4125,0.0975
0.4275,0.1025
0.4325,0.1075
0.4475,0.1125
0.4625,0.1175
0.4775,0.1225
