x,y
0.203695,0.00329219
0.216103,0.0104253
0.238667,0.0174798
0.246222,0.0225778
0.256296,0.0273888
0.263841,0.0319602
0.271372,0.036337
0.27888,0.0405386
0.291336,0.0439018
0.296288,0.0630516
0.29629,0.0580716
0.296291,0.0530917
0.296292,0.0481117
0.3025,0.0425
0.3025,0.0475
0.3125,0.0525
0.3175,0.0575
0.3275,0.0625
0.3425,0.0675
0.3575,0.0725
0.3675,0.0775
0.3725,0.0125
0.3825,0.0825
0.3875,0.0875
0.4025,0.0925
0.4175,0.0975
0.4275,0.1025
0.4425,0.1075
0.4475,0.1125
0.4625,0.1175
0.4775,0.1225
