x,y
0.206166,0.00378858
0.223598,0.0113965
0.236151,0.0173481
0.243703,0.0225265
0.253778,0.0274387
0.266355,0.0318148
0.276383,0.0358905
0.281379,0.0402653
0.291336,0.0439018
0.296288,0.0630516
0.29629,0.0580716
0.296291,0.0530917
0.296292,0.0481117
0.3025,0.0375
0.3025,0.0425
0.3075,0.0475
0.3125,0.0525
0.3225,0.0575
0.3375,0.0625
0.3475,0.0675
0.3575,0.0725
0.3675,0.0125
0.3725,0.0775
0.3825,0.0825
0.3975,0.0875
0.4125,0.0925
0.4225,0.0975
0.4375,0.1025
0.4525,0.1075
0.4575,0.1125
0.4725,0.1175
