x,y
0.1925,0.0025
0.1925,0.0075
0.1925,0.0125
0.1925,0.0175
0.1925,0.0225
0.1925,0.0275
0.1925,0.0325
0.1925,0.0375
0.1925,0.0425
0.1925,0.0475
0.1925,0.0525
0.1975,0.1975
0.201216,0.0228351
0.201217,0.0278257
0.201218,0.0328163
0.203663,0.038405
0.20612,0.0439272
0.208589,0.0493856
0.211066,0.0547829
0.216039,0.0605109
0.218539,0.0657542
0.221045,0.0709466
0.226061,0.0763404
0.228578,0.0814058
0.231097,0.0864307
0.233618,0.0914179
0.238657,0.0964759
0.24118,0.101371
0.246221,0.106278
0.251259,0.111103
0.253776,0.115891
0.258807,0.120616
0.26383,0.12529
0.266335,0.130025
0.271345,0.134652
0.276346,0.13926
0.281338,0.143861
0.283828,0.148609
0.291301,0.153087
0.296265,0.172653
0.296268,0.167681
0.296271,0.162709
0.296273,0.157737
0.298785,0.0178446
0.298786,0.012854
0.298787,0.00786343
0.3025,0.1525
0.3025,0.1575
0.3025,0.1625
0.3075,0.1675
0.3175,0.1725
0.3225,0.0125
0.3225,0.1775
0.3275,0.1825
0.3325,0.0175
0.3375,0.0225
0.3375,0.1875
0.3425,0.0275
0.3475,0.0325
0.3475,0.1925
0.3525,0.0375
0.3575,0.0425
0.3575,0.1975
0.3625,0.0475
0.3675,0.0525
0.3725,0.0575
0.3775,0.0625
0.3775,0.0675
0.3825,0.0725
0.3875,0.0775
0.3925,0.0825
0.3975,0.0875
0.4025,0.0925
