x,y
0.1925,0.0025
0.1925,0.0075
0.1925,0.0125
0.1925,0.0175
0.1925,0.0225
0.1925,0.0275
0.1925,0.0325
0.1925,0.0375
0.1925,0.0425
0.1925,0.0475
0.1975,0.1975
0.201215,0.0178446
0.201216,0.0228351
0.201217,0.0278257
0.20366,0.0334328
0.206116,0.0389725
0.208583,0.0444474
0.21106,0.0498602
0.213546,0.0552138
0.218531,0.0608725
0.221037,0.0660766
0.223547,0.0712317
0.228571,0.0765652
0.231091,0.0815979
0.236129,0.0867304
0.238653,0.0916608
0.241176,0.0965603
0.243699,0.101432
0.24874,0.106298
0.253778,0.111085
0.256293,0.115856
0.261321,0.120551
0.266341,0.125199
0.268844,0.129925
0.27385,0.134533
0.278847,0.139126
0.28633,0.143558
0.291306,0.148149
0.296265,0.172653
0.296268,0.167681
0.296271,0.162709
0.296273,0.157737
0.296276,0.152765
0.298786,0.012854
0.298787,0.00786343
0.3025,0.1525
0.3025,0.1575
0.3025,0.1625
0.3125,0.1675
0.3175,0.1725
0.3225,0.0125
0.3275,0.1775
0.3325,0.0175
0.3325,0.1825
0.3375,0.0225
0.3425,0.0275
0.3425,0.1875
0.3475,0.0325
0.3525,0.0375
0.3525,0.1925
0.3575,0.0425
0.3625,0.0475
0.3625,0.1975
0.3675,0.0525
0.3725,0.0575
0.3775,0.0625
0.3825,0.0675
0.3875,0.0725
0.3925,0.0775
0.3975,0.0825
0.4025,0.0875
