x,y
0.1925,0.0025
0.1925,0.0075
0.1925,0.0125
0.1925,0.0175
0.1925,0.0225
0.1925,0.0275
0.1925,0.0325
0.1925,0.0375
0.1925,0.0425
0.1975,0.1975
0.201214,0.012854
0.201215,0.0178446
0.201216,0.0228351
0.203658,0.0284606
0.206112,0.0340178
0.208578,0.0395092
0.211054,0.0449376
0.216025,0.0507222
0.218524,0.0559909
0.221029,0.0612067
0.223539,0.0663725
0.226054,0.071491
0.231084,0.0767652
0.233606,0.0817661
0.238649,0.0868457
0.241173,0.0917492
0.246218,0.0966659
0.24874,0.101492
0.253779,0.106278
0.258813,0.110994
0.261325,0.115736
0.266347,0.120373
0.271359,0.124971
0.273858,0.129684
0.278855,0.134256
0.283843,0.138821
0.288822,0.14339
0.293794,0.147976
0.296268,0.167681
0.296271,0.162709
0.296273,0.157737
0.296276,0.152765
0.298787,0.00786343
0.3025,0.1475
0.3025,0.1525
0.3025,0.1575
0.3125,0.1625
0.3175,0.1675
0.3225,0.0125
0.3225,0.1725
0.3325,0.0175
0.3325,0.1775
0.3375,0.0225
0.3375,0.1825
0.3475,0.0275
0.3475,0.1875
0.3525,0.0325
0.3575,0.0375
0.3575,0.1925
0.3625,0.0425
0.3675,0.0475
0.3675,0.1975
0.3775,0.0525
0.3775,0.0575
0.3825,0.0625
0.3875,0.0675
0.3925,0.0725
0.3975,0.0775
0.4025,0.0825
