x,y
0.1925,0.0025
0.1925,0.0075
0.1925,0.0125
0.1925,0.0175
0.1925,0.0225
0.1925,0.0275
0.1925,0.0325
0.1925,0.0375
0.1975,0.1975
0.201214,0.012854
0.201215,0.0178446
0.203655,0.0234885
0.206108,0.0290631
0.208573,0.034571
0.211048,0.040015
0.213532,0.0453978
0.218516,0.0511092
0.221021,0.0563368
0.223532,0.0615133
0.228557,0.0668841
0.231078,0.0719325
0.233601,0.0769403
0.238644,0.0820307
0.243692,0.0870073
0.246216,0.0918597
0.251261,0.0966871
0.253781,0.101472
0.258817,0.106183
0.263845,0.11083
0.266353,0.115547
0.271366,0.12013
0.276369,0.124683
0.278863,0.129386
0.28385,0.133926
0.288828,0.138467
0.293798,0.143021
0.296271,0.162709
0.296273,0.157737
0.296276,0.152765
0.296279,0.147793
0.298787,0.00786343
0.3025,0.1425
0.3025,0.1475
0.3025,0.1525
0.3075,0.1575
0.3175,0.1625
0.3225,0.1675
0.3275,0.0125
0.3275,0.1725
0.3325,0.0175
0.3375,0.1775
0.3425,0.0225
0.3475,0.0275
0.3475,0.1825
0.3525,0.1875
0.3575,0.0325
0.3625,0.0375
0.3625,0.1925
0.3675,0.0425
0.3725,0.0475
0.3775,0.0525
0.3775,0.1975
0.3875,0.0575
0.3875,0.0625
0.3975,0.0675
0.4025,0.0725
0.4025,0.0775
0.4125,0.0825
