x,y
0.1925,0.0025
0.1925,0.0075
0.1925,0.0125
0.1925,0.0175
0.1925,0.0225
0.1925,0.0275
0.1925,0.0325
0.1975,0.1975
0.201213,0.00786343
0.201214,0.012854
0.203653,0.0185163
0.206104,0.0241084
0.208568,0.0296328
0.211042,0.0350924
0.213525,0.0404898
0.218509,0.0462275
0.221014,0.0514668
0.223524,0.0566541
0.22855,0.0620435
0.231071,0.0670997
0.236114,0.0722704
0.23864,0.0772156
0.241166,0.0821269
0.246215,0.0870535
0.248739,0.0918818
0.253782,0.0966659
0.256301,0.101432
0.261334,0.106106
0.266359,0.110721
0.268864,0.115427
0.273872,0.119985
0.281369,0.124334
0.283857,0.129032
0.288834,0.133545
0.293802,0.138066
0.296273,0.157737
0.296276,0.152765
0.296279,0.147793
0.296281,0.14282
0.3025,0.1375
0.3025,0.1425
0.3025,0.1475
0.3075,0.1525
0.3125,0.1575
0.3225,0.1625
0.3275,0.0125
0.3275,0.1675
0.3325,0.0175
0.3325,0.1725
0.3425,0.0225
0.3425,0.1775
0.3475,0.0275
0.3525,0.1825
0.3575,0.1875
0.3625,0.0325
0.3675,0.0375
0.3675,0.1925
0.3725,0.0425
0.3775,0.0475
0.3825,0.0525
0.3825,0.1975
0.3925,0.0575
0.3975,0.0625
0.4025,0.0675
0.4075,0.0725
0.4125,0.0775
