x,y
0.1925,0.0025
0.1925,0.0075
0.1925,0.0125
0.1925,0.0175
0.1925,0.0225
0.1925,0.0275
0.1925,0.0325
0.1975,0.1975
0.201213,0.00786343
0.201214,0.012854
0.203653,0.0185163
0.206104,0.0241084
0.211035,0.0301698
0.213518,0.0355818
0.21601,0.0409334
0.221006,0.0465969
0.223516,0.0517949
0.226031,0.0569429
0.231065,0.062267
0.233589,0.0672885
0.238636,0.0724005
0.241163,0.0773158
0.243689,0.0821991
0.248738,0.0870766
0.251261,0.0918818
0.25882,0.101371
0.258824,0.0965603
0.26385,0.10601
0.27138,0.110449
0.27388,0.115136
0.278878,0.119646
0.283865,0.124138
0.286351,0.128834
0.291322,0.133335
0.296273,0.157737
0.296276,0.152765
0.296279,0.147793
0.296281,0.14282
0.296284,0.137848
0.3025,0.1375
0.3025,0.1425
0.3075,0.1475
0.3125,0.1525
0.3175,0.1575
0.3275,0.0125
0.3275,0.1625
0.3325,0.1675
0.3375,0.0175
0.3375,0.1725
0.3425,0.0225
0.3475,0.1775
0.3525,0.0275
0.3525,0.1825
0.3625,0.0325
0.3625,0.1875
0.3725,0.0375
0.3775,0.0425
0.3775,0.1925
0.3825,0.0475
0.3875,0.0525
0.3875,0.1975
0.3925,0.0575
0.3975,0.0625
0.4075,0.0675
0.4125,0.0725
