x,y
0.1975,0.1975
0.201213,0.00786343
0.20365,0.0135442
0.2061,0.0191537
0.208562,0.0246946
0.213511,0.0306738
0.216002,0.0360391
0.218501,0.0413459
0.223509,0.0469357
0.226024,0.0520935
0.228543,0.0572029
0.233583,0.0624627
0.236109,0.0674505
0.241159,0.0725046
0.243687,0.0773909
0.248738,0.0822713
0.251262,0.0870766
0.256306,0.0918155
0.258824,0.0965603
0.263855,0.10119
0.27138,0.110449
0.271387,0.105609
0.276384,0.114964
0.283872,0.119243
0.286357,0.123926
0.291327,0.128397
0.296276,0.152765
0.296279,0.147793
0.296281,0.14282
0.296284,0.137848
0.296287,0.132876
0.3025,0.1325
0.3025,0.1375
0.3075,0.1425
0.3125,0.1475
0.3175,0.1525
0.3225,0.1575
0.3275,0.0125
0.3325,0.1625
0.3375,0.0175
0.3375,0.1675
0.3425,0.0225
0.3475,0.1725
0.3525,0.0275
0.3525,0.1775
0.3575,0.1825
0.3625,0.0325
0.3675,0.1875
0.3725,0.0375
0.3775,0.1925
0.3825,0.0425
0.3875,0.0475
0.3925,0.0525
0.3925,0.1975
0.4025,0.0575
0.4075,0.0625
0.4125,0.0675
0.4175,0.0725
