x,y
0.203645,0.00359983
0.206092,0.00924427
0.208552,0.0148183
0.211023,0.0203245
0.213505,0.0257658
0.218486,0.0315825
0.22099,0.036857
0.226009,0.0423947
0.228529,0.0475218
0.233571,0.0528109
0.236099,0.0578105
0.241152,0.0628823
0.243682,0.0677745
0.248737,0.0726608
0.253788,0.077441
0.258834,0.0821269
0.261351,0.0868457
0.266382,0.0914179
0.26889,0.0960961
0.273902,0.100587
0.278901,0.105036
0.281392,0.109689
0.286371,0.11411
0.291338,0.11852
0.296281,0.14282
0.296284,0.137848
0.296287,0.132876
0.296289,0.127904
0.296292,0.122932
0.3025,0.1225
0.3025,0.1275
0.3025,0.1325
0.3125,0.1375
0.3175,0.1425
0.3225,0.1475
0.3275,0.0125
0.3275,0.1525
0.3325,0.1575
0.3375,0.0175
0.3425,0.1625
0.3475,0.0225
0.3475,0.1675
0.3575,0.0275
0.3575,0.1725
0.3625,0.0325
0.3625,0.1775
0.3725,0.0375
0.3725,0.1825
0.3775,0.1875
0.3875,0.0425
0.3875,0.1925
0.3975,0.0475
0.4025,0.0525
0.4025,0.1975
0.4125,0.0575
0.4175,0.0625
