x,y
0.206088,0.00428957
0.206092,0.00924427
0.208552,0.0148183
0.211023,0.0203245
0.215988,0.0262504
0.218486,0.0315825
0.223493,0.0372174
0.226009,0.0423947
0.231045,0.0477688
0.233571,0.0528109
0.238623,0.0579553
0.243679,0.0629663
0.248736,0.0678556
0.251263,0.0726608
0.256313,0.0773909
0.261356,0.0820307
0.263871,0.0867304
0.268896,0.0912634
0.271401,0.0959275
0.276407,0.100387
0.2814,0.104808
0.283887,0.109454
0.288859,0.113854
0.293818,0.118248
0.296284,0.137848
0.296287,0.132876
0.296289,0.127904
0.296292,0.122932
0.3025,0.1175
0.3025,0.1225
0.3025,0.1275
0.3075,0.1325
0.3125,0.1375
0.3175,0.1425
0.3275,0.1475
0.3325,0.0125
0.3325,0.1525
0.3375,0.0175
0.3375,0.1575
0.3475,0.0225
0.3475,0.1625
0.3525,0.1675
0.3575,0.0275
0.3575,0.1725
0.3675,0.0325
0.3675,0.1775
0.3775,0.0375
0.3775,0.1825
0.3825,0.1875
0.3875,0.0425
0.3925,0.1925
0.3975,0.0475
0.4075,0.0525
0.4075,0.1975
0.4125,0.0575
0.4225,0.0625
