x,y
0.206088,0.00428957
0.208546,0.00988008
0.211017,0.0154019
0.213498,0.0208578
0.218478,0.0267009
0.220983,0.031987
0.226002,0.0375453
0.228522,0.0426812
0.233565,0.0479851
0.238619,0.0531402
0.243677,0.0581581
0.246207,0.0630223
0.251264,0.0678556
0.25379,0.0726348
0.258837,0.0773158
0.263876,0.0819104
0.266388,0.086592
0.271408,0.091087
0.276415,0.0955276
0.278909,0.100166
0.283894,0.10456
0.291348,0.108644
0.293822,0.113293
0.296284,0.137848
0.296287,0.132876
0.296289,0.127904
0.296292,0.122932
0.296294,0.11796
0.3025,0.1125
0.3025,0.1175
0.3025,0.1225
0.3075,0.1275
0.3125,0.1325
0.3175,0.1375
0.3225,0.1425
0.3325,0.0125
0.3325,0.1475
0.3375,0.0175
0.3375,0.1525
0.3425,0.1575
0.3475,0.0225
0.3525,0.1625
0.3575,0.0275
0.3575,0.1675
0.3675,0.0325
0.3675,0.1725
0.3725,0.1775
0.3775,0.0375
0.3825,0.1825
0.3875,0.0425
0.3875,0.1875
0.4025,0.0475
0.4025,0.1925
0.4125,0.0525
0.4125,0.1975
