x,y
0.208541,0.00494189
0.208546,0.00988008
0.211017,0.0154019
0.21598,0.021356
0.218478,0.0267009
0.223486,0.0323582
0.228515,0.0378406
0.23356,0.0431592
0.236089,0.0481705
0.241146,0.05326
0.243677,0.0581581
0.248736,0.0630503
0.253791,0.0678286
0.258841,0.0725046
0.263881,0.0770904
0.266394,0.0817661
0.271415,0.0862464
0.273917,0.0908886
0.278917,0.0952963
0.283902,0.0996657
0.286385,0.104294
0.291348,0.108644
0.296287,0.132876
0.296289,0.127904
0.296292,0.122932
0.296294,0.11796
0.296297,0.112987
0.3025,0.1125
0.3025,0.1175
0.3075,0.1225
0.3125,0.1275
0.3175,0.1325
0.3225,0.1375
0.3275,0.1425
0.3325,0.0125
0.3375,0.1475
0.3425,0.0175
0.3425,0.1525
0.3475,0.0225
0.3475,0.1575
0.3575,0.0275
0.3575,0.1625
0.3625,0.1675
0.3675,0.0325
0.3725,0.1725
0.3775,0.0375
0.3775,0.1775
0.3875,0.1825
0.3925,0.0425
0.3975,0.1875
0.4025,0.0475
0.4075,0.1925
0.4175,0.1975
