x,y
0.203645,0.00359983
0.208546,0.00988008
0.213491,0.0159497
0.21847,0.0218192
0.220975,0.0271171
0.225994,0.0326959
0.231032,0.0381033
0.23356,0.0431592
0.238614,0.0483252
0.243674,0.0533499
0.246206,0.0582161
0.253793,0.0630223
0.256318,0.0677745
0.261364,0.0724005
0.266399,0.0769403
0.268909,0.0815979
0.27643,0.0858092
0.278924,0.0904263
0.283909,0.0947714
0.288878,0.0990864
0.29383,0.103384
0.296289,0.127904
0.296292,0.122932
0.296294,0.11796
0.296297,0.112987
0.2963,0.108015
0.3025,0.1075
0.3025,0.1125
0.3075,0.1175
0.3125,0.1225
0.3175,0.1275
0.3225,0.1325
0.3275,0.1375
0.3325,0.0125
0.3325,0.1425
0.3375,0.1475
0.3425,0.0175
0.3475,0.1525
0.3525,0.0225
0.3525,0.1575
0.3575,0.0275
0.3625,0.1625
0.3675,0.1675
0.3725,0.0325
0.3775,0.1725
0.3825,0.0375
0.3825,0.1775
0.3925,0.0425
0.3925,0.1825
0.4025,0.1875
0.4075,0.1925
0.4225,0.1975
