x,y
0.203645,0.00359983
0.208546,0.00988008
0.213491,0.0159497
0.21847,0.0218192
0.220975,0.0271171
0.225994,0.0326959
0.233554,0.0383333
0.236083,0.0433506
0.241142,0.0484489
0.246204,0.0534099
0.248735,0.0582451
0.256321,0.0629663
0.258844,0.0676935
0.263886,0.0722704
0.268916,0.0767652
0.271422,0.0814058
0.27643,0.0858092
0.283909,0.0947714
0.283916,0.089877
0.291359,0.0987674
0.29383,0.103384
0.296292,0.122932
0.296294,0.11796
0.296297,0.112987
0.2963,0.108015
0.3025,0.1025
0.3025,0.1075
0.3025,0.1125
0.3075,0.1175
0.3125,0.1225
0.3225,0.1275
0.3275,0.1325
0.3325,0.0125
0.3325,0.1375
0.3375,0.1425
0.3425,0.0175
0.3425,0.1475
0.3525,0.0225
0.3525,0.1525
0.3575,0.1575
0.3625,0.0275
0.3625,0.1625
0.3725,0.0325
0.3725,0.1675
0.3825,0.0375
0.3825,0.1725
0.3875,0.1775
0.3925,0.0425
0.3975,0.1825
0.4025,0.1875
0.4125,0.1925
0.4275,0.1975
