x,y
0.203645,0.00359983
0.211011,0.0104793
0.213491,0.0159497
0.220967,0.0222472
0.223478,0.027499
0.228508,0.033
0.233554,0.0383333
0.23861,0.0435101
0.241142,0.0484489
0.246204,0.0534099
0.253794,0.0582161
0.256321,0.0629663
0.261368,0.0675854
0.268922,0.0719325
0.271429,0.0765652
0.276438,0.08095
0.28143,0.0852809
0.283916,0.089877
0.288884,0.0941638
0.293835,0.0984289
0.296292,0.122932
0.296294,0.11796
0.296297,0.112987
0.2963,0.108015
0.296302,0.103043
0.3025,0.0975
0.3025,0.1025
0.3025,0.1075
0.3075,0.1125
0.3125,0.1175
0.3225,0.1225
0.3275,0.1275
0.3325,0.0125
0.3325,0.1325
0.3375,0.1375
0.3425,0.0175
0.3425,0.1425
0.3475,0.1475
0.3525,0.0225
0.3575,0.1525
0.3625,0.0275
0.3625,0.1575
0.3725,0.0325
0.3725,0.1625
0.3775,0.1675
0.3825,0.0375
0.3875,0.1725
0.3925,0.0425
0.3925,0.1775
0.4025,0.1825
0.4075,0.1875
0.4225,0.1925
0.4325,0.1975
