x,y
0.203645,0.00359983
0.211011,0.0104793
0.215973,0.0164617
0.220967,0.0222472
0.225987,0.0278465
0.231026,0.0332706
0.238606,0.038695
0.241139,0.0436378
0.248734,0.0486346
0.251265,0.0534398
0.256323,0.0581581
0.263896,0.0626305
0.266411,0.0672885
0.273939,0.0763404
0.273946,0.071491
0.281438,0.0803992
0.286413,0.0846619
0.291369,0.088891
0.296297,0.112987
0.2963,0.108015
0.296302,0.103043
0.296305,0.0980709
0.296308,0.0930988
0.3025,0.0925
0.3025,0.0975
0.3025,0.1025
0.3125,0.1075
0.3175,0.1125
0.3225,0.1175
0.3275,0.1225
0.3375,0.0125
0.3375,0.1275
0.3425,0.1325
0.3475,0.0175
0.3475,0.1375
0.3525,0.0225
0.3575,0.1425
0.3575,0.1475
0.3675,0.0275
0.3675,0.1525
0.3725,0.1575
0.3775,0.0325
0.3825,0.0375
0.3825,0.1625
0.3875,0.1675
0.3975,0.1725
0.4025,0.1775
0.4125,0.1825
0.4225,0.1875
0.4325,0.1925
0.4475,0.1975
