x,y
0.203645,0.00359983
0.211011,0.0104793
0.218463,0.0169375
0.220967,0.0222472
0.225987,0.0278465
0.233548,0.0335075
0.238606,0.038695
0.243669,0.0437335
0.246203,0.0486036
0.253796,0.0534099
0.258851,0.0580712
0.261373,0.0627704
0.268929,0.0670997
0.273946,0.071491
0.276445,0.0760908
0.283931,0.0800883
0.288896,0.0843186
0.293843,0.0885195
0.296297,0.112987
0.2963,0.108015
0.296302,0.103043
0.296305,0.0980709
0.296308,0.0930988
0.3025,0.0875
0.3025,0.0925
0.3025,0.0975
0.3075,0.1025
0.3125,0.1075
0.3225,0.1125
0.3275,0.1175
0.3325,0.1225
0.3375,0.0125
0.3375,0.1275
0.3475,0.0175
0.3475,0.1325
0.3525,0.1375
0.3575,0.0225
0.3575,0.1425
0.3625,0.1475
0.3675,0.0275
0.3725,0.1525
0.3775,0.0325
0.3775,0.1575
0.3875,0.0375
0.3875,0.1625
0.3925,0.1675
0.4025,0.1725
0.4075,0.1775
0.4175,0.1825
0.4225,0.1875
0.4375,0.1925
0.4525,0.1975
