x,y
0.203645,0.00359983
0.211011,0.0104793
0.218463,0.0169375
0.223471,0.0226398
0.228501,0.0281595
0.233548,0.0335075
0.241135,0.0388266
0.243669,0.0437335
0.251266,0.0486346
0.253796,0.0534099
0.261377,0.0579553
0.263896,0.0626305
0.268929,0.0670997
0.276453,0.0712317
0.278948,0.0758165
0.283931,0.0800883
0.291375,0.0839528
0.2963,0.108015
0.296302,0.103043
0.296305,0.0980709
0.296308,0.0930988
0.29631,0.0881266
0.3025,0.0875
0.3025,0.0925
0.3075,0.0975
0.3125,0.1025
0.3175,0.1075
0.3225,0.1125
0.3325,0.1175
0.3375,0.0125
0.3375,0.1225
0.3425,0.1275
0.3475,0.0175
0.3475,0.1325
0.3575,0.0225
0.3575,0.1375
0.3625,0.1425
0.3675,0.0275
0.3675,0.1475
0.3775,0.0325
0.3775,0.1525
0.3825,0.1575
0.3925,0.0375
0.3925,0.1625
0.3975,0.1675
0.4075,0.1725
0.4125,0.1775
0.4225,0.1825
0.4325,0.1875
0.4425,0.1925
0.4575,0.1975
