x,y
0.206088,0.00428957
0.213484,0.0110417
0.218463,0.0169375
0.223471,0.0226398
0.228501,0.0281595
0.236073,0.0337106
0.238606,0.038695
0.246201,0.0437974
0.253797,0.0486036
0.256326,0.0533499
0.263901,0.0578105
0.266417,0.0624627
0.271443,0.0668841
0.278955,0.0709466
0.281446,0.0755175
0.28642,0.0797539
0.291375,0.0839528
0.2963,0.108015
0.296302,0.103043
0.296305,0.0980709
0.296308,0.0930988
0.29631,0.0881266
0.3025,0.0825
0.3025,0.0875
0.3025,0.0925
0.3075,0.0975
0.3175,0.1025
0.3225,0.1075
0.3325,0.1125
0.3325,0.1175
0.3375,0.0125
0.3425,0.1225
0.3475,0.0175
0.3475,0.1275
0.3575,0.0225
0.3575,0.1325
0.3625,0.1375
0.3675,0.1425
0.3725,0.0275
0.3725,0.1475
0.3825,0.0325
0.3825,0.1525
0.3875,0.1575
0.3925,0.0375
0.3975,0.1625
0.4025,0.1675
0.4125,0.1725
0.4225,0.1775
0.4275,0.1825
0.4375,0.1875
0.4475,0.1925
0.4625,0.1975
