x,y
0.203645,0.00359983
0.211011,0.0104793
0.218463,0.0169375
0.223471,0.0226398
0.231019,0.0284379
0.233548,0.0335075
0.241135,0.0388266
0.248734,0.0438294
0.251266,0.0486346
0.258854,0.05326
0.266417,0.0624627
0.266423,0.0576368
0.273954,0.0666416
0.281453,0.0706359
0.283939,0.075194
0.288903,0.079396
0.296302,0.103043
0.296305,0.0980709
0.296308,0.0930988
0.29631,0.0881266
0.296313,0.0831544
0.3025,0.0825
0.3025,0.0875
0.3075,0.0925
0.3125,0.0975
0.3175,0.1025
0.3225,0.1075
0.3325,0.1125
0.3375,0.1175
0.3425,0.0125
0.3475,0.1225
0.3525,0.0175
0.3525,0.1275
0.3575,0.1325
0.3625,0.0225
0.3625,0.1375
0.3725,0.0275
0.3725,0.1425
0.3825,0.0325
0.3825,0.1475
0.3875,0.1525
0.3925,0.1575
0.3975,0.0375
0.3975,0.1625
0.4075,0.1675
0.4175,0.1725
0.4225,0.1775
0.4325,0.1825
0.4425,0.1875
0.4525,0.1925
0.4675,0.1975
