x,y
0.206088,0.00428957
0.213484,0.0110417
0.220959,0.0173772
0.22598,0.0229971
0.233542,0.0286816
0.236073,0.0337106
0.243667,0.0389254
0.248734,0.0438294
0.256328,0.0485417
0.258854,0.05326
0.266423,0.0576368
0.273961,0.0617923
0.276461,0.0663725
0.281453,0.0706359
0.288909,0.0744733
0.296305,0.0980709
0.296308,0.0930988
0.29631,0.0881266
0.296313,0.0831544
0.296316,0.0781823
0.3025,0.0775
0.3025,0.0825
0.3025,0.0875
0.3125,0.0925
0.3175,0.0975
0.3275,0.1025
0.3325,0.1075
0.3375,0.1125
0.3425,0.0125
0.3475,0.1175
0.3525,0.0175
0.3525,0.1225
0.3625,0.0225
0.3625,0.1275
0.3675,0.1325
0.3725,0.1375
0.3775,0.0275
0.3825,0.1425
0.3875,0.0325
0.3875,0.1475
0.3975,0.1525
0.4025,0.1575
0.4125,0.1625
0.4225,0.1675
0.4275,0.1725
0.4375,0.1775
0.4425,0.1825
0.4525,0.1875
0.4625,0.1925
0.4775,0.1975
