x,y
0.203645,0.00359983
0.213484,0.0110417
0.220959,0.0173772
0.22598,0.0229971
0.233542,0.0286816
0.241132,0.0340155
0.248733,0.0390241
0.251266,0.0438294
0.258858,0.0484489
0.261381,0.0531402
0.268942,0.0574343
0.276468,0.0615133
0.278963,0.0660766
0.286433,0.0699379
0.293855,0.0736554
0.296305,0.0980709
0.296308,0.0930988
0.29631,0.0881266
0.296313,0.0831544
0.296316,0.0781823
0.3025,0.0725
0.3025,0.0775
0.3025,0.0825
0.3125,0.0875
0.3175,0.0925
0.3275,0.0975
0.3325,0.1025
0.3375,0.1075
0.3425,0.0125
0.3475,0.1125
0.3525,0.1175
0.3575,0.0175
0.3625,0.1225
0.3675,0.0225
0.3675,0.1275
0.3775,0.0275
0.3775,0.1325
0.3875,0.1375
0.3925,0.1425
0.3975,0.1475
0.4075,0.1525
0.4125,0.1575
0.4225,0.1625
0.4275,0.1675
0.4375,0.1725
0.4425,0.1775
0.4525,0.1825
0.4625,0.1875
0.4725,0.1925
0.4875,0.1975
