x,y
0.203645,0.00359983
0.211011,0.0104793
0.223463,0.0177807
0.22598,0.0229971
0.233542,0.0286816
0.241132,0.0340155
0.2462,0.0389912
0.256331,0.0437335
0.258858,0.0484489
0.266429,0.0528109
0.273969,0.0569429
0.276468,0.0615133
0.283953,0.0654052
0.288915,0.0695507
0.293855,0.0736554
0.296308,0.0930988
0.29631,0.0881266
0.296313,0.0831544
0.296316,0.0781823
0.3025,0.0725
0.3025,0.0775
0.3075,0.0825
0.3125,0.0875
0.3175,0.0925
0.3275,0.0975
0.3325,0.1025
0.3425,0.1075
0.3475,0.0125
0.3525,0.1125
0.3575,0.0175
0.3575,0.1175
0.3675,0.0225
0.3675,0.1225
0.3775,0.1275
0.3775,0.1325
0.3825,0.0275
0.3875,0.1375
0.3925,0.1425
0.4025,0.1475
0.4125,0.1525
0.4175,0.1575
0.4275,0.1625
0.4325,0.1675
0.4425,0.1725
0.4525,0.1775
0.4625,0.1825
0.4725,0.1875
0.4825,0.1925
0.4875,0.1975
