x,y
0.206088,0.00428957
0.215966,0.0115673
0.220959,0.0173772
0.228494,0.0233189
0.236068,0.0288906
0.243664,0.0341172
0.251267,0.0390241
0.253799,0.0437974
0.261386,0.0483252
0.268948,0.0526015
0.271457,0.0572029
0.278971,0.0612067
0.28644,0.0650298
0.29139,0.0691383
0.296308,0.0930988
0.29631,0.0881266
0.296313,0.0831544
0.296316,0.0781823
0.296318,0.0732101
0.3025,0.0725
0.3025,0.0775
0.3075,0.0825
0.3175,0.0875
0.3225,0.0925
0.3275,0.0975
0.3425,0.1025
0.3475,0.0125
0.3475,0.1075
0.3525,0.1125
0.3575,0.0175
0.3625,0.1175
0.3675,0.1225
0.3725,0.0225
0.3775,0.1275
0.3825,0.0275
0.3825,0.1325
0.3925,0.1375
0.4025,0.1425
0.4075,0.1475
0.4175,0.1525
0.4225,0.1575
0.4325,0.1625
0.4425,0.1675
0.4475,0.1725
0.4575,0.1775
0.4675,0.1825
0.4725,0.1875
0.4875,0.1975
