x,y
0.203645,0.00359983
0.211011,0.0104793
0.225972,0.0181477
0.231013,0.0236051
0.233542,0.0286816
0.241132,0.0340155
0.248733,0.0390241
0.256331,0.0437335
0.263911,0.0481705
0.266429,0.0528109
0.273969,0.0569429
0.281469,0.0608725
0.283953,0.0654052
0.293859,0.0687007
0.296308,0.0930988
0.29631,0.0881266
0.296313,0.0831544
0.296316,0.0781823
0.296318,0.0732101
0.3025,0.0675
0.3025,0.0725
0.3025,0.0775
0.3125,0.0825
0.3175,0.0875
0.3275,0.0925
0.3325,0.0975
0.3425,0.1025
0.3475,0.0125
0.3475,0.1075
0.3575,0.1125
0.3625,0.0175
0.3675,0.1175
0.3725,0.0225
0.3725,0.1225
0.3825,0.0275
0.3825,0.1275
0.3925,0.1325
0.3975,0.1375
0.4075,0.1425
0.4125,0.1475
0.4225,0.1525
0.4325,0.1575
0.4375,0.1625
0.4475,0.1675
0.4575,0.1725
0.4625,0.1775
0.4725,0.1825
0.4825,0.1875
0.4875,0.1975
