x,y
0.203645,0.00359983
0.218455,0.0120559
0.225972,0.0181477
0.233536,0.0238557
0.236068,0.0288906
0.243664,0.0341172
0.251267,0.0390241
0.256331,0.0437335
0.263911,0.0481705
0.268948,0.0526015
0.276476,0.0566541
0.281469,0.0608725
0.288921,0.0646281
0.29631,0.0881266
0.296313,0.0831544
0.296316,0.0781823
0.296318,0.0732101
0.296321,0.068238
0.3025,0.0675
0.3025,0.0725
0.3075,0.0775
0.3175,0.0825
0.3225,0.0875
0.3325,0.0925
0.3375,0.0975
0.3475,0.1025
0.3525,0.0125
0.3575,0.1075
0.3625,0.0175
0.3625,0.1125
0.3725,0.1175
0.3775,0.0225
0.3825,0.1225
0.3875,0.1275
0.3925,0.0275
0.3975,0.1325
0.4075,0.1375
0.4125,0.1425
0.4225,0.1475
0.4325,0.1525
0.4375,0.1575
0.4475,0.1625
0.4575,0.1675
0.4625,0.1725
0.4725,0.1775
0.4825,0.1825
0.4875,0.1975
