x,y
0.206088,0.00428957
0.215966,0.0115673
0.223463,0.0177807
0.231013,0.0236051
0.238597,0.0290649
0.246198,0.034185
0.2538,0.0389912
0.26139,0.0435101
0.268955,0.0477688
0.271464,0.0523624
0.276476,0.0566541
0.286447,0.0601218
0.288921,0.0646281
0.29631,0.0881266
0.296313,0.0831544
0.296316,0.0781823
0.296318,0.0732101
0.296321,0.068238
0.3025,0.0675
0.3025,0.0725
0.3125,0.0775
0.3175,0.0825
0.3275,0.0875
0.3375,0.0925
0.3425,0.0975
0.3525,0.0125
0.3525,0.1025
0.3625,0.0175
0.3625,0.1075
0.3675,0.1125
0.3775,0.0225
0.3775,0.1175
0.3875,0.0275
0.3875,0.1225
0.3925,0.1275
0.4025,0.1325
0.4125,0.1375
0.4175,0.1425
0.4275,0.1475
0.4375,0.1525
0.4425,0.1575
0.4525,0.1625
0.4625,0.1675
0.4725,0.1725
0.4775,0.1775
0.4875,0.1975
