x,y
0.206088,0.00428957
0.215966,0.0115673
0.225972,0.0181477
0.233536,0.0238557
0.241129,0.0292043
0.248733,0.0342189
0.2538,0.0389912
0.263917,0.0433506
0.271471,0.0475218
0.273976,0.0520935
0.283968,0.0556165
0.286447,0.0601218
0.296313,0.0831544
0.296316,0.0781823
0.296318,0.0732101
0.296321,0.068238
0.296324,0.0632658
0.3025,0.0575
0.3025,0.0625
0.3025,0.0675
0.3075,0.0725
0.3175,0.0775
0.3275,0.0825
0.3325,0.0875
0.3425,0.0925
0.3525,0.0975
0.3575,0.0125
0.3625,0.1025
0.3725,0.0175
0.3725,0.1075
0.3825,0.0225
0.3825,0.1125
0.3875,0.1175
0.3975,0.1225
0.4075,0.1275
0.4225,0.1325
0.4275,0.1375
0.4375,0.1425
0.4475,0.1475
0.4525,0.1525
0.4625,0.1575
0.4725,0.1625
0.4825,0.1675
