x,y
0.203645,0.00359983
0.213484,0.0110417
0.228487,0.0184783
0.236063,0.0240706
0.243662,0.029309
0.251267,0.0342189
0.258865,0.0388266
0.26644,0.0431592
0.273983,0.0472441
0.276484,0.0517949
0.286454,0.0552138
0.288927,0.0597055
0.296313,0.0831544
0.296316,0.0781823
0.296318,0.0732101
0.296321,0.068238
0.296324,0.0632658
0.3025,0.0575
0.3025,0.0625
0.3025,0.0675
0.3125,0.0725
0.3225,0.0775
0.3325,0.0825
0.3375,0.0875
0.3475,0.0925
0.3575,0.0125
0.3625,0.0975
0.3625,0.1025
0.3675,0.0175
0.3725,0.1075
0.3825,0.0225
0.3875,0.1125
0.3925,0.1175
0.4025,0.1225
0.4125,0.1275
0.4225,0.1325
0.4325,0.1375
0.4375,0.1425
0.4525,0.1475
0.4625,0.1525
0.4675,0.1575
0.4775,0.1625
