x,y
0.206088,0.00428957
0.215966,0.0115673
0.228487,0.0184783
0.236063,0.0240706
0.243662,0.029309
0.253802,0.034185
0.261394,0.038695
0.263917,0.0433506
0.271471,0.0475218
0.278986,0.0514668
0.288934,0.0547829
0.291401,0.0592619
0.296313,0.0831544
0.296316,0.0781823
0.296318,0.0732101
0.296321,0.068238
0.296324,0.0632658
0.3025,0.0575
0.3025,0.0625
0.3075,0.0675
0.3125,0.0725
0.3225,0.0775
0.3325,0.0825
0.3375,0.0875
0.3475,0.0925
0.3575,0.0125
0.3575,0.0975
0.3725,0.0175
0.3725,0.1025
0.3775,0.1075
0.3875,0.1125
0.3925,0.0225
0.3975,0.1175
0.4025,0.1225
0.4125,0.1275
0.4275,0.1325
0.4375,0.1375
0.4425,0.1425
0.4525,0.1475
0.4625,0.1525
0.4725,0.1575
0.4825,0.1625
