x,y
0.203645,0.00359983
0.218455,0.0120559
0.225972,0.0181477
0.233536,0.0238557
0.241129,0.0292043
0.248733,0.0342189
0.256333,0.0389254
0.26644,0.0431592
0.273983,0.0472441
0.276484,0.0517949
0.286454,0.0552138
0.293867,0.0587913
0.296316,0.0781823
0.296318,0.0732101
0.296321,0.068238
0.296324,0.0632658
0.3025,0.0575
0.3025,0.0625
0.3075,0.0675
0.3175,0.0725
0.3225,0.0775
0.3325,0.0825
0.3475,0.0875
0.3525,0.0925
0.3625,0.0125
0.3625,0.0975
0.3725,0.0175
0.3725,0.1025
0.3775,0.1075
0.3875,0.0225
0.3875,0.1125
0.4025,0.1175
0.4125,0.1225
0.4175,0.1275
0.4275,0.1325
0.4375,0.1375
0.4475,0.1425
0.4575,0.1475
0.4675,0.1525
0.4775,0.1575
