x,y
0.206088,0.00428957
0.215966,0.0115673
0.231006,0.0187724
0.238593,0.0242498
0.246197,0.0293787
0.253802,0.034185
0.256333,0.0389254
0.26644,0.0431592
0.276491,0.0469357
0.278986,0.0514668
0.286454,0.0552138
0.296316,0.0781823
0.296318,0.0732101
0.296321,0.068238
0.296324,0.0632658
0.296326,0.0582936
0.3025,0.0575
0.3025,0.0625
0.3075,0.0675
0.3175,0.0725
0.3275,0.0775
0.3425,0.0825
0.3425,0.0875
0.3525,0.0925
0.3575,0.0125
0.3675,0.0975
0.3725,0.0175
0.3725,0.1025
0.3825,0.1075
0.3875,0.0225
0.3925,0.1125
0.4075,0.1175
0.4125,0.1225
0.4225,0.1275
0.4325,0.1325
0.4475,0.1375
0.4525,0.1425
0.4625,0.1475
0.4725,0.1525
0.4825,0.1575
