x,y
0.211004,0.00555666
0.218455,0.0120559
0.228487,0.0184783
0.236063,0.0240706
0.243662,0.029309
0.251267,0.0342189
0.258865,0.0388266
0.26644,0.0431592
0.273983,0.0472441
0.283975,0.0507222
0.288934,0.0547829
0.296316,0.0781823
0.296318,0.0732101
0.296321,0.068238
0.296324,0.0632658
0.296326,0.0582936
0.3025,0.0575
0.3025,0.0625
0.3125,0.0675
0.3175,0.0725
0.3275,0.0775
0.3375,0.0825
0.3525,0.0875
0.3575,0.0125
0.3575,0.0925
0.3675,0.0975
0.3775,0.0175
0.3775,0.1025
0.3875,0.0225
0.3925,0.1075
0.3925,0.1125
0.4075,0.1175
0.4175,0.1225
0.4275,0.1275
0.4375,0.1325
0.4475,0.1375
0.4575,0.1425
0.4675,0.1475
0.4775,0.1525
