x,y
0.206088,0.00428957
0.215966,0.0115673
0.231006,0.0187724
0.238593,0.0242498
0.246197,0.0293787
0.256336,0.0341172
0.263922,0.0385306
0.26644,0.0431592
0.278994,0.0465969
0.281484,0.0511092
0.291406,0.0543237
0.296316,0.0781823
0.296318,0.0732101
0.296321,0.068238
0.296324,0.0632658
0.296326,0.0582936
0.3025,0.0525
0.3025,0.0575
0.3025,0.0625
0.3125,0.0675
0.3175,0.0725
0.3325,0.0775
0.3425,0.0825
0.3475,0.0875
0.3575,0.0925
0.3625,0.0125
0.3675,0.0975
0.3775,0.0175
0.3825,0.1025
0.3875,0.1075
0.3925,0.0225
0.3975,0.1125
0.4075,0.1175
0.4175,0.1225
0.4325,0.1275
0.4425,0.1325
0.4475,0.1375
0.4625,0.1425
0.4675,0.1475
0.4825,0.1525
