x,y
0.203645,0.00359983
0.218455,0.0120559
0.228487,0.0184783
0.236063,0.0240706
0.243662,0.029309
0.251267,0.0342189
0.266446,0.0383333
0.268961,0.0429361
0.276491,0.0469357
0.283975,0.0507222
0.291406,0.0543237
0.296316,0.0781823
0.296318,0.0732101
0.296321,0.068238
0.296324,0.0632658
0.296326,0.0582936
0.3025,0.0525
0.3025,0.0575
0.3025,0.0625
0.3125,0.0675
0.3275,0.0725
0.3325,0.0775
0.3425,0.0825
0.3575,0.0875
0.3625,0.0125
0.3625,0.0925
0.3725,0.0975
0.3775,0.0175
0.3825,0.1025
0.3925,0.0225
0.3975,0.1075
0.4025,0.1125
0.4125,0.1175
0.4225,0.1225
0.4375,0.1275
0.4425,0.1325
0.4525,0.1375
0.4625,0.1425
0.4775,0.1475
0.4825,0.1525
