x,y
0.203645,0.00359983
0.215966,0.0115673
0.231006,0.0187724
0.238593,0.0242498
0.248732,0.0294136
0.256336,0.0341172
0.263922,0.0385306
0.273991,0.0423947
0.276491,0.0469357
0.283975,0.0507222
0.293871,0.0538366
0.296318,0.0732101
0.296321,0.068238
0.296324,0.0632658
0.296326,0.0582936
0.3025,0.0525
0.3025,0.0575
0.3075,0.0625
0.3175,0.0675
0.3275,0.0725
0.3375,0.0775
0.3525,0.0825
0.3575,0.0875
0.3625,0.0125
0.3675,0.0925
0.3775,0.0975
0.3825,0.0175
0.3925,0.1025
0.3975,0.1075
0.4025,0.0225
0.4125,0.1125
0.4225,0.1175
0.4325,0.1225
0.4475,0.1275
0.4575,0.1325
0.4675,0.1375
0.4775,0.1425
