x,y
0.203645,0.00359983
0.220952,0.0125073
0.236058,0.0192507
0.238593,0.0242498
0.251268,0.0294136
0.258868,0.0340155
0.266446,0.0383333
0.271478,0.0426812
0.278994,0.0465969
0.286461,0.0503058
0.296318,0.0732101
0.296321,0.068238
0.296324,0.0632658
0.296326,0.0582936
0.296329,0.0533215
0.3025,0.0475
0.3025,0.0525
0.3025,0.0575
0.3125,0.0625
0.3275,0.0675
0.3275,0.0725
0.3425,0.0775
0.3525,0.0825
0.3625,0.0875
0.3675,0.0125
0.3775,0.0925
0.3825,0.0175
0.3825,0.0975
0.3925,0.1025
0.4075,0.1075
0.4175,0.1125
0.4275,0.1175
0.4375,0.1225
0.4475,0.1275
0.4575,0.1325
0.4675,0.1375
0.4825,0.1425
