x,y
0.206088,0.00428957
0.223455,0.0129215
0.23353,0.0190299
0.241125,0.0243932
0.248732,0.0294136
0.256336,0.0341172
0.263922,0.0385306
0.273991,0.0423947
0.283983,0.0458278
0.286461,0.0503058
0.296318,0.0732101
0.296321,0.068238
0.296324,0.0632658
0.296326,0.0582936
0.296329,0.0533215
0.3025,0.0525
0.3025,0.0575
0.3125,0.0625
0.3225,0.0675
0.3325,0.0725
0.3425,0.0775
0.3575,0.0825
0.3625,0.0875
0.3675,0.0125
0.3725,0.0925
0.3875,0.0175
0.3875,0.0975
0.3975,0.1025
0.4125,0.1075
0.4175,0.1125
0.4275,0.1175
0.4425,0.1225
0.4525,0.1275
0.4625,0.1325
0.4725,0.1375
0.4825,0.1425
