x,y
0.206088,0.00428957
0.218455,0.0120559
0.23353,0.0190299
0.241125,0.0243932
0.248732,0.0294136
0.258868,0.0340155
0.266446,0.0383333
0.278994,0.0465969
0.279002,0.0417269
0.291411,0.0493856
0.296318,0.0732101
0.296321,0.068238
0.296324,0.0632658
0.296326,0.0582936
0.296329,0.0533215
0.3025,0.0475
0.3025,0.0525
0.3075,0.0575
0.3125,0.0625
0.3225,0.0675
0.3325,0.0725
0.3475,0.0775
0.3525,0.0825
0.3625,0.0875
0.3725,0.0125
0.3775,0.0175
0.3775,0.0925
0.3875,0.0975
0.4025,0.1025
0.4175,0.1075
0.4175,0.1125
0.4325,0.1175
0.4425,0.1225
0.4525,0.1275
0.4675,0.1325
0.4775,0.1375
