x,y
0.211004,0.00555666
0.220952,0.0125073
0.236058,0.0192507
0.238593,0.0242498
0.253803,0.0293787
0.261399,0.03388
0.263922,0.0385306
0.273991,0.0423947
0.283983,0.0458278
0.286461,0.0503058
0.296318,0.0732101
0.296321,0.068238
0.296324,0.0632658
0.296326,0.0582936
0.296329,0.0533215
0.3025,0.0475
0.3025,0.0525
0.3075,0.0575
0.3125,0.0625
0.3225,0.0675
0.3375,0.0725
0.3525,0.0775
0.3575,0.0825
0.3675,0.0125
0.3675,0.0875
0.3825,0.0175
0.3825,0.0925
0.3925,0.0975
0.4075,0.1025
0.4125,0.1075
0.4225,0.1125
0.4375,0.1175
0.4475,0.1225
0.4575,0.1275
0.4725,0.1325
0.4825,0.1375
