x,y
0.203645,0.00359983
0.220952,0.0125073
0.236058,0.0192507
0.243659,0.0245008
0.251268,0.0294136
0.258868,0.0340155
0.266446,0.0383333
0.276499,0.0420766
0.286468,0.0453978
0.291411,0.0493856
0.296318,0.0732101
0.296321,0.068238
0.296324,0.0632658
0.296326,0.0582936
0.296329,0.0533215
0.3025,0.0475
0.3025,0.0525
0.3075,0.0575
0.3175,0.0625
0.3225,0.0675
0.3375,0.0725
0.3475,0.0775
0.3625,0.0825
0.3675,0.0125
0.3675,0.0875
0.3825,0.0925
0.3875,0.0175
0.3925,0.0975
0.4075,0.1025
0.4125,0.1075
0.4325,0.1125
0.4375,0.1175
0.4475,0.1225
0.4625,0.1275
0.4775,0.1325
