x,y
0.203645,0.00359983
0.223455,0.0129215
0.236058,0.0192507
0.243659,0.0245008
0.253803,0.0293787
0.258868,0.0340155
0.268968,0.0381033
0.279002,0.0417269
0.281491,0.0462275
0.291411,0.0493856
0.296321,0.068238
0.296324,0.0632658
0.296326,0.0582936
0.296329,0.0533215
0.3025,0.0475
0.3025,0.0525
0.3075,0.0575
0.3175,0.0625
0.3275,0.0675
0.3425,0.0725
0.3575,0.0775
0.3625,0.0825
0.3725,0.0125
0.3725,0.0875
0.3875,0.0925
0.3925,0.0175
0.3975,0.0975
0.4075,0.1025
0.4225,0.1075
0.4375,0.1125
0.4525,0.1175
0.4575,0.1225
0.4675,0.1275
0.4825,0.1325
