x,y
0.208541,0.00494189
0.223455,0.0129215
0.236058,0.0192507
0.246195,0.0245725
0.253803,0.0293787
0.261399,0.03388
0.271485,0.0378406
0.279002,0.0417269
0.288946,0.0449376
0.291411,0.0493856
0.296321,0.068238
0.296324,0.0632658
0.296326,0.0582936
0.296329,0.0533215
0.3025,0.0475
0.3025,0.0525
0.3075,0.0575
0.3175,0.0625
0.3325,0.0675
0.3475,0.0725
0.3525,0.0775
0.3625,0.0825
0.3775,0.0125
0.3775,0.0875
0.3925,0.0925
0.3975,0.0175
0.3975,0.0975
0.4125,0.1025
0.4225,0.1075
0.4375,0.1125
0.4475,0.1175
0.4625,0.1225
0.4725,0.1275
0.4825,0.1325
