x,y
0.208541,0.00494189
0.223455,0.0129215
0.238589,0.0194347
0.241125,0.0243932
0.251268,0.0294136
0.263927,0.0337106
0.271485,0.0378406
0.276499,0.0420766
0.286468,0.0453978
0.296321,0.068238
0.296324,0.0632658
0.296326,0.0582936
0.296329,0.0533215
0.296332,0.0483493
0.3025,0.0475
0.3025,0.0525
0.3125,0.0575
0.3225,0.0625
0.3375,0.0675
0.3525,0.0725
0.3575,0.0775
0.3675,0.0825
0.3775,0.0125
0.3825,0.0875
0.3925,0.0925
0.3975,0.0175
0.4075,0.0975
0.4225,0.1025
0.4275,0.1075
0.4425,0.1125
0.4525,0.1175
0.4675,0.1225
0.4775,0.1275
