x,y
0.211004,0.00555666
0.225965,0.0132983
0.236058,0.0192507
0.243659,0.0245008
0.251268,0.0294136
0.266452,0.0335075
0.273998,0.0375453
0.279002,0.0417269
0.291417,0.0444474
0.293875,0.0488819
0.296321,0.068238
0.296324,0.0632658
0.296326,0.0582936
0.296329,0.0533215
0.3025,0.0425
0.3025,0.0475
0.3025,0.0525
0.3125,0.0575
0.3225,0.0625
0.3375,0.0675
0.3525,0.0725
0.3575,0.0775
0.3725,0.0125
0.3725,0.0825
0.3825,0.0875
0.3925,0.0175
0.3975,0.0925
0.4075,0.0975
0.4225,0.1025
0.4375,0.1075
0.4425,0.1125
0.4575,0.1175
0.4725,0.1225
