x,y
0.206088,0.00428957
0.220952,0.0125073
0.236058,0.0192507
0.246195,0.0245725
0.253803,0.0293787
0.268968,0.0381033
0.268974,0.0332706
0.281499,0.0413459
0.286468,0.0453978
0.296321,0.068238
0.296324,0.0632658
0.296326,0.0582936
0.296329,0.0533215
0.296332,0.0483493
0.3025,0.0425
0.3025,0.0475
0.3075,0.0525
0.3125,0.0575
0.3225,0.0625
0.3375,0.0675
0.3525,0.0725
0.3575,0.0775
0.3725,0.0825
0.3775,0.0125
0.3825,0.0875
0.3975,0.0175
0.3975,0.0925
0.4125,0.0975
0.4225,0.1025
0.4375,0.1075
0.4475,0.1125
0.4575,0.1175
0.4725,0.1225
