x,y
0.211004,0.00555666
0.223455,0.0129215
0.241122,0.0195821
0.243659,0.0245008
0.253803,0.0293787
0.266452,0.0335075
0.276507,0.0372174
0.279002,0.0417269
0.286468,0.0453978
0.296321,0.068238
0.296324,0.0632658
0.296326,0.0582936
0.296329,0.0533215
0.296332,0.0483493
0.3025,0.0425
0.3025,0.0475
0.3025,0.0525
0.3175,0.0575
0.3325,0.0625
0.3375,0.0675
0.3525,0.0725
0.3625,0.0775
0.3775,0.0825
0.3825,0.0125
0.3925,0.0875
0.3975,0.0925
0.4025,0.0175
0.4125,0.0975
0.4275,0.1025
0.4375,0.1075
0.4525,0.1125
0.4675,0.1175
0.4725,0.1225
