x,y
0.206088,0.00428957
0.223455,0.0129215
0.238589,0.0194347
0.246195,0.0245725
0.256338,0.029309
0.263927,0.0337106
0.271485,0.0378406
0.281499,0.0413459
0.288946,0.0449376
0.296321,0.068238
0.296324,0.0632658
0.296326,0.0582936
0.296329,0.0533215
0.296332,0.0483493
0.3025,0.0425
0.3025,0.0475
0.3075,0.0525
0.3225,0.0575
0.3275,0.0625
0.3375,0.0675
0.3525,0.0725
0.3675,0.0775
0.3825,0.0125
0.3825,0.0825
0.3875,0.0875
0.4025,0.0925
0.4075,0.0175
0.4175,0.0975
0.4275,0.1025
0.4425,0.1075
0.4575,0.1125
0.4625,0.1175
0.4775,0.1225
