x,y
0.208541,0.00494189
0.225965,0.0132983
0.236058,0.0192507
0.243659,0.0245008
0.253803,0.0293787
0.266452,0.0335075
0.273998,0.0375453
0.28399,0.0409334
0.288946,0.0449376
0.296324,0.0632658
0.296326,0.0582936
0.296329,0.0533215
0.296332,0.0483493
0.3025,0.0475
0.3075,0.0525
0.3225,0.0575
0.3275,0.0625
0.3425,0.0675
0.3525,0.0725
0.3675,0.0775
0.3825,0.0825
0.3875,0.0125
0.3925,0.0875
0.4025,0.0925
0.4075,0.0175
0.4175,0.0975
0.4325,0.1025
0.4425,0.1075
0.4575,0.1125
0.4675,0.1175
0.4825,0.1225
