x,y
0.1925,0.0025
0.1925,0.0075
0.1925,0.0125
0.1925,0.0175
0.1925,0.0225
0.1925,0.0275
0.1925,0.0325
0.1975,0.1975
0.201235,0.00773394
0.201235,0.0127279
0.20371,0.0181541
0.20619,0.0235347
0.208675,0.0288715
0.211164,0.0341665
0.213657,0.0394213
0.216154,0.0446378
0.218653,0.0498178
0.221156,0.0549633
0.226163,0.0602544
0.22867,0.0653127
0.233686,0.0704595
0.233688,0.0753478
0.238706,0.080405
0.241217,0.0853453
0.246236,0.0902948
0.248746,0.0951841
0.253763,0.100046
0.258778,0.104861
0.261283,0.109694
0.266292,0.114454
0.271298,0.119188
0.273798,0.123998
0.278797,0.128711
0.283791,0.133416
0.288782,0.138122
0.29377,0.142835
0.296259,0.162634
0.29626,0.157652
0.296261,0.15267
0.296262,0.147688
0.3025,0.1425
0.3025,0.1475
0.3025,0.1525
0.3075,0.1575
0.3125,0.1625
0.3175,0.0125
0.3225,0.1675
0.3275,0.0175
0.3275,0.1725
0.3325,0.0225
0.3325,0.1775
0.3375,0.0275
0.3425,0.0325
0.3425,0.1825
0.3475,0.0375
0.3525,0.0425
0.3525,0.1875
0.3575,0.0475
0.3625,0.0525
0.3625,0.1925
0.3675,0.0575
0.3725,0.0625
0.3725,0.0675
0.3725,0.1975
0.3775,0.0725
0.3825,0.0775
0.3875,0.0825
0.3925,0.0875
