x,y
0.1975,0.1975
0.201235,0.00773394
0.203708,0.013172
0.206188,0.0185638
0.208672,0.0239113
0.211161,0.0292162
0.213654,0.0344804
0.216151,0.0397056
0.21865,0.0448938
0.221152,0.0500468
0.22616,0.055351
0.228667,0.060415
0.231176,0.0654505
0.236194,0.0705591
0.238705,0.0755236
0.241215,0.0804664
0.246235,0.085419
0.248745,0.0903089
0.253763,0.0951706
0.256271,0.100021
0.261285,0.104812
0.263789,0.109636
0.268797,0.114378
0.273801,0.119095
0.2788,0.123794
0.281296,0.128602
0.286289,0.133298
0.291278,0.137997
0.296259,0.162634
0.29626,0.157652
0.296261,0.15267
0.296262,0.147688
0.296263,0.142706
0.3025,0.1375
0.3025,0.1425
0.3025,0.1475
0.3075,0.1525
0.3125,0.1575
0.3175,0.1625
0.3225,0.0125
0.3275,0.0175
0.3275,0.1675
0.3325,0.0225
0.3325,0.1725
0.3375,0.1775
0.3425,0.0275
0.3475,0.0325
0.3475,0.1825
0.3525,0.0375
0.3575,0.0425
0.3575,0.1875
0.3625,0.0475
0.3675,0.0525
0.3675,0.0575
0.3675,0.1925
0.3725,0.0625
0.3775,0.0675
0.3775,0.1975
0.3825,0.0725
0.3875,0.0775
0.3925,0.0825
0.3975,0.0875
