x,y
0.201234,0.00274001
0.203707,0.00818989
0.206186,0.013593
0.20867,0.018951
0.211159,0.0242659
0.213651,0.0295395
0.216148,0.0347735
0.221146,0.0402138
0.22365,0.0453471
0.226157,0.0504477
0.228665,0.0555173
0.231174,0.0605578
0.236192,0.0656745
0.238703,0.0706421
0.243724,0.0756355
0.248745,0.0805586
0.248745,0.0854337
0.256272,0.0951436
0.256273,0.0902666
0.261286,0.0999307
0.266297,0.104678
0.2688,0.109485
0.273804,0.114191
0.278803,0.118878
0.281299,0.123678
0.288788,0.128221
0.29128,0.133037
0.29626,0.157652
0.296261,0.15267
0.296262,0.147688
0.296263,0.142706
0.296264,0.137724
0.3025,0.1325
0.3025,0.1375
0.3025,0.1425
0.3075,0.1475
0.3125,0.1525
0.3175,0.1575
0.3225,0.0125
0.3225,0.1625
0.3275,0.0175
0.3325,0.0225
0.3325,0.1675
0.3375,0.1725
0.3425,0.0275
0.3475,0.1775
0.3525,0.0325
0.3525,0.1825
0.3575,0.0375
0.3625,0.0425
0.3625,0.1875
0.3675,0.0475
0.3725,0.0525
0.3725,0.0575
0.3725,0.1925
0.3775,0.0625
0.3825,0.0675
0.3875,0.0725
0.3875,0.1975
0.3925,0.0775
0.3975,0.0825
