x,y
0.203706,0.00320781
0.206185,0.00862211
0.206186,0.013593
0.211156,0.0193157
0.213649,0.0245986
0.216145,0.0298414
0.218644,0.0350458
0.223647,0.0404375
0.226154,0.0455443
0.231168,0.0507724
0.233679,0.0557945
0.23619,0.06079
0.238701,0.0657607
0.243723,0.0707584
0.246234,0.0756674
0.251255,0.0805586
0.253765,0.085419
0.258782,0.0902243
0.261288,0.0950493
0.2663,0.0997894
0.271307,0.104494
0.273807,0.109288
0.278806,0.113961
0.283801,0.11862
0.286294,0.123416
0.291282,0.128076
0.296261,0.15267
0.296262,0.147688
0.296263,0.142706
0.296264,0.137724
0.296265,0.132742
0.3025,0.1275
0.3025,0.1325
0.3025,0.1375
0.3075,0.1425
0.3125,0.1475
0.3175,0.1525
0.3225,0.0125
0.3275,0.0175
0.3275,0.1575
0.3325,0.1625
0.3375,0.0225
0.3375,0.1675
0.3425,0.0275
0.3475,0.1725
0.3525,0.0325
0.3525,0.1775
0.3575,0.0375
0.3625,0.1825
0.3675,0.0425
0.3675,0.1875
0.3725,0.0475
0.3775,0.0525
0.3775,0.1925
0.3825,0.0575
0.3875,0.0625
0.3875,0.0675
0.3925,0.0725
0.3925,0.1975
0.3975,0.0775
