x,y
0.206183,0.00365125
0.206185,0.00862211
0.208668,0.0139908
0.211156,0.0193157
0.216142,0.0249092
0.218641,0.0301218
0.221143,0.0352973
0.226151,0.040641
0.228659,0.0457219
0.233676,0.0509062
0.236188,0.0559054
0.24121,0.0609508
0.243722,0.0658814
0.248744,0.0708083
0.251255,0.0756834
0.256275,0.0805125
0.261292,0.0852864
0.263798,0.0900973
0.268808,0.0948068
0.271309,0.0995967
0.276312,0.104263
0.281309,0.108906
0.283804,0.113688
0.288793,0.118321
0.291284,0.123116
0.296263,0.142706
0.296264,0.137724
0.296265,0.132742
0.296266,0.12776
0.3025,0.1225
0.3025,0.1275
0.3025,0.1325
0.3075,0.1375
0.3125,0.1425
0.3175,0.1475
0.3225,0.0125
0.3225,0.1525
0.3325,0.0175
0.3325,0.1575
0.3375,0.0225
0.3375,0.1625
0.3425,0.0275
0.3475,0.1675
0.3525,0.0325
0.3525,0.1725
0.3575,0.1775
0.3625,0.0375
0.3675,0.1825
0.3725,0.0425
0.3725,0.0475
0.3775,0.1875
0.3825,0.0525
0.3875,0.0575
0.3875,0.1925
0.3925,0.0625
0.3975,0.0675
0.4025,0.0725
0.4025,0.1975
