x,y
0.203706,0.00320781
0.206185,0.00862211
0.211154,0.0143654
0.213646,0.0196577
0.216142,0.0249092
0.22114,0.0303808
0.223644,0.0355279
0.228656,0.0408241
0.231166,0.0458797
0.236186,0.0510209
0.238698,0.0559979
0.243721,0.0610044
0.248744,0.0659331
0.251256,0.0708083
0.256276,0.0756355
0.258785,0.0804664
0.2638,0.0852128
0.266304,0.0900127
0.271312,0.094699
0.276315,0.0993529
0.278813,0.104128
0.283807,0.108756
0.288795,0.113371
0.293778,0.117981
0.296263,0.142706
0.296264,0.137724
0.296265,0.132742
0.296266,0.12776
0.296267,0.122778
0.3025,0.1225
0.3025,0.1275
0.3075,0.1325
0.3125,0.1375
0.3175,0.1425
0.3225,0.0125
0.3225,0.1475
0.3275,0.1525
0.3325,0.0175
0.3375,0.0225
0.3375,0.1575
0.3425,0.1625
0.3475,0.0275
0.3475,0.1675
0.3525,0.0325
0.3575,0.1725
0.3625,0.0375
0.3625,0.1775
0.3725,0.0425
0.3725,0.1825
0.3775,0.0475
0.3825,0.0525
0.3825,0.1875
0.3875,0.0575
0.3925,0.0625
0.3925,0.1925
0.4025,0.0675
0.4025,0.1975
