x,y
0.203706,0.00320781
0.208666,0.00903055
0.211154,0.0143654
0.216139,0.0199771
0.218638,0.0251978
0.223641,0.0306183
0.226148,0.0357376
0.231163,0.040987
0.236183,0.0461363
0.238696,0.0511164
0.24372,0.0561273
0.246232,0.0610401
0.251256,0.0659331
0.253766,0.0707917
0.258786,0.0755875
0.263802,0.0803282
0.266307,0.0851244
0.271315,0.0898013
0.273816,0.0945779
0.278816,0.0992118
0.28381,0.103823
0.286303,0.108594
0.291289,0.113196
0.296264,0.137724
0.296265,0.132742
0.296266,0.12776
0.296267,0.122778
0.296269,0.117796
0.3025,0.1175
0.3025,0.1225
0.3075,0.1275
0.3125,0.1325
0.3175,0.1375
0.3225,0.0125
0.3225,0.1425
0.3275,0.1475
0.3325,0.0175
0.3325,0.1525
0.3375,0.0225
0.3425,0.1575
0.3475,0.0275
0.3475,0.1625
0.3575,0.0325
0.3575,0.1675
0.3625,0.0375
0.3625,0.1725
0.3675,0.1775
0.3725,0.0425
0.3775,0.1825
0.3825,0.0475
0.3875,0.0525
0.3875,0.1875
0.3975,0.0575
0.3975,0.0625
0.4025,0.1925
0.4075,0.0675
0.4125,0.1975
