x,y
0.203706,0.00320781
0.208666,0.00903055
0.213643,0.0147168
0.218635,0.0202738
0.221136,0.0254643
0.226145,0.0308343
0.23116,0.0360943
0.236181,0.0412517
0.241206,0.046314
0.243719,0.0512503
0.248744,0.0561828
0.251256,0.061058
0.256278,0.0658814
0.263806,0.0705591
0.266312,0.0753478
0.271321,0.0800059
0.276324,0.084624
0.278822,0.0893788
0.283816,0.0939591
0.288803,0.0985198
0.293783,0.103068
0.296266,0.12776
0.296267,0.122778
0.296269,0.117796
0.29627,0.112814
0.296271,0.107832
0.3025,0.1075
0.3025,0.1125
0.3075,0.1175
0.3125,0.1225
0.3175,0.1275
0.3225,0.1325
0.3275,0.0125
0.3275,0.1375
0.3325,0.1425
0.3375,0.0175
0.3375,0.1475
0.3425,0.0225
0.3475,0.1525
0.3525,0.0275
0.3525,0.1575
0.3575,0.0325
0.3625,0.1625
0.3675,0.1675
0.3725,0.0375
0.3725,0.1725
0.3775,0.0425
0.3825,0.1775
0.3875,0.0475
0.3925,0.1825
0.3975,0.0525
0.4025,0.1875
0.4075,0.1925
0.4225,0.1975
