x,y
0.201234,0.00274001
0.208666,0.00903055
0.213643,0.0147168
0.221133,0.0205478
0.223638,0.0257087
0.22865,0.0310287
0.233669,0.0362412
0.238692,0.0413536
0.243718,0.0463732
0.248744,0.0513077
0.251256,0.0561828
0.25879,0.0609508
0.263808,0.0656745
0.266314,0.0704595
0.271324,0.0751082
0.278828,0.0795458
0.281324,0.0842859
0.286314,0.0888301
0.291297,0.0933548
0.296269,0.117796
0.29627,0.112814
0.296271,0.107832
0.296272,0.102849
0.296273,0.0978674
0.3025,0.0975
0.3025,0.1025
0.3025,0.1075
0.3075,0.1125
0.3175,0.1175
0.3225,0.1225
0.3275,0.0125
0.3275,0.1275
0.3325,0.0175
0.3325,0.1325
0.3375,0.1375
0.3425,0.0225
0.3425,0.1425
0.3525,0.0275
0.3525,0.1475
0.3575,0.1525
0.3625,0.0325
0.3625,0.1575
0.3725,0.0375
0.3725,0.1625
0.3775,0.1675
0.3825,0.0425
0.3875,0.1725
0.3925,0.1775
0.4025,0.1825
0.4075,0.1875
0.4225,0.1925
0.4375,0.1975
