x,y
0.201234,0.00274001
0.208666,0.00903055
0.216136,0.015045
0.221133,0.0205478
0.223638,0.0257087
0.231158,0.0312016
0.236179,0.0363672
0.238692,0.0413536
0.243718,0.0463732
0.251256,0.0513077
0.25628,0.0561273
0.25879,0.0609508
0.266316,0.0655711
0.271327,0.0702104
0.273828,0.0749644
0.278828,0.0795458
0.286317,0.0838892
0.291299,0.0883945
0.29627,0.112814
0.296271,0.107832
0.296272,0.102849
0.296273,0.0978674
0.296274,0.0928853
0.3025,0.0925
0.3025,0.0975
0.3025,0.1025
0.3075,0.1075
0.3125,0.1125
0.3225,0.1175
0.3275,0.0125
0.3275,0.1225
0.3325,0.0175
0.3325,0.1275
0.3375,0.1325
0.3425,0.0225
0.3425,0.1375
0.3475,0.1425
0.3525,0.0275
0.3575,0.1475
0.3625,0.0325
0.3625,0.1525
0.3675,0.1575
0.3725,0.0375
0.3775,0.1625
0.3825,0.0425
0.3825,0.1675
0.3925,0.1725
0.4025,0.1775
0.4075,0.1825
0.4175,0.1875
0.4275,0.1925
0.4425,0.1975
