x,y
0.203706,0.00320781
0.211151,0.00941518
0.216136,0.015045
0.221133,0.0205478
0.226141,0.0259309
0.231158,0.0312016
0.23869,0.0364722
0.241204,0.0414351
0.24623,0.0464127
0.253769,0.0512885
0.25628,0.0561273
0.261301,0.0608793
0.268824,0.0654505
0.271327,0.0702104
0.276331,0.0748048
0.283825,0.0791627
0.288811,0.083669
0.293788,0.0881558
0.29627,0.112814
0.296271,0.107832
0.296272,0.102849
0.296273,0.0978674
0.296274,0.0928853
0.3025,0.0875
0.3025,0.0925
0.3025,0.0975
0.3075,0.1025
0.3125,0.1075
0.3175,0.1125
0.3275,0.0125
0.3275,0.1175
0.3325,0.1225
0.3375,0.0175
0.3375,0.1275
0.3425,0.1325
0.3475,0.0225
0.3475,0.1375
0.3575,0.0275
0.3575,0.1425
0.3625,0.0325
0.3625,0.1475
0.3675,0.1525
0.3725,0.0375
0.3775,0.1575
0.3825,0.0425
0.3825,0.1625
0.3925,0.1675
0.3975,0.1725
0.4075,0.1775
0.4125,0.1825
0.4275,0.1875
0.4325,0.1925
0.4475,0.1975
