x,y
0.206183,0.00365125
0.208666,0.00903055
0.216136,0.015045
0.221133,0.0205478
0.228647,0.026131
0.233667,0.0313529
0.236179,0.0363672
0.243717,0.0414962
0.248743,0.0464325
0.251256,0.0513077
0.258792,0.0560718
0.266319,0.0606828
0.27133,0.0653127
0.273831,0.0700611
0.278832,0.0746293
0.28632,0.0789483
0.291302,0.0834343
0.296271,0.107832
0.296272,0.102849
0.296273,0.0978674
0.296274,0.0928853
0.296275,0.0879032
0.3025,0.0825
0.3025,0.0875
0.3025,0.0925
0.3075,0.0975
0.3125,0.1025
0.3175,0.1075
0.3225,0.1125
0.3275,0.0125
0.3275,0.1175
0.3375,0.0175
0.3375,0.1225
0.3425,0.1275
0.3475,0.0225
0.3475,0.1325
0.3525,0.0275
0.3525,0.1375
0.3625,0.0325
0.3625,0.1425
0.3675,0.1475
0.3725,0.1525
0.3775,0.0375
0.3775,0.1575
0.3875,0.1625
0.3925,0.1675
0.4025,0.1725
0.4125,0.1775
0.4175,0.1825
0.4275,0.1875
0.4375,0.1925
0.4525,0.1975
