x,y
0.203706,0.00320781
0.211151,0.00941518
0.218631,0.0153498
0.223635,0.0207991
0.226141,0.0259309
0.233667,0.0313529
0.23869,0.0364722
0.24623,0.041537
0.248743,0.0464325
0.256281,0.0512503
0.261302,0.0559979
0.268826,0.0605578
0.27133,0.0653127
0.276334,0.0698952
0.283828,0.0742306
0.28632,0.0789483
0.29379,0.083185
0.296272,0.102849
0.296273,0.0978674
0.296274,0.0928853
0.296275,0.0879032
0.3025,0.0825
0.3025,0.0875
0.3025,0.0925
0.3125,0.0975
0.3175,0.1025
0.3225,0.1075
0.3275,0.1125
0.3325,0.0125
0.3325,0.1175
0.3425,0.0175
0.3425,0.1225
0.3475,0.0225
0.3475,0.1275
0.3525,0.1325
0.3575,0.0275
0.3575,0.1375
0.3625,0.1425
0.3675,0.0325
0.3725,0.1475
0.3775,0.0375
0.3775,0.1525
0.3875,0.1575
0.3925,0.1625
0.4025,0.1675
0.4075,0.1725
0.4175,0.1775
0.4225,0.1825
0.4375,0.1875
0.4475,0.1925
0.4625,0.1975
