x,y
0.206183,0.00365125
0.208666,0.00903055
0.22113,0.0156313
0.226138,0.0210276
0.228647,0.026131
0.236177,0.0314826
0.243716,0.0366192
0.248743,0.0415573
0.256282,0.0463732
0.258793,0.0511929
0.266321,0.0557945
0.271333,0.060415
0.278838,0.0647963
0.281334,0.0695139
0.288816,0.0737685
0.296273,0.0978674
0.296274,0.0928853
0.296275,0.0879032
0.296276,0.0829211
0.296277,0.0779391
0.3025,0.0775
0.3025,0.0825
0.3025,0.0875
0.3125,0.0925
0.3175,0.0975
0.3275,0.1025
0.3275,0.1075
0.3325,0.0125
0.3375,0.1125
0.3425,0.0175
0.3425,0.1175
0.3525,0.0225
0.3525,0.1225
0.3575,0.1275
0.3625,0.0275
0.3625,0.1325
0.3675,0.0325
0.3675,0.1375
0.3775,0.0375
0.3775,0.1425
0.3825,0.1475
0.3925,0.1525
0.3975,0.1575
0.4025,0.1625
0.4125,0.1675
0.4225,0.1725
0.4275,0.1775
0.4375,0.1825
0.4475,0.1875
0.4575,0.1925
0.4725,0.1975
