x,y
0.201234,0.00274001
0.211151,0.00941518
0.218631,0.0153498
0.223635,0.0207991
0.231155,0.0263089
0.238689,0.0315907
0.243716,0.0366192
0.251257,0.0415573
0.25377,0.0464127
0.261304,0.0511164
0.266321,0.0557945
0.273837,0.0602544
0.276337,0.0649856
0.283831,0.0692985
0.288816,0.0737685
0.296273,0.0978674
0.296274,0.0928853
0.296275,0.0879032
0.296276,0.0829211
0.296277,0.0779391
0.3025,0.0775
0.3025,0.0825
0.3075,0.0875
0.3125,0.0925
0.3175,0.0975
0.3275,0.1025
0.3325,0.0125
0.3325,0.1075
0.3375,0.1125
0.3425,0.0175
0.3475,0.1175
0.3525,0.0225
0.3525,0.1225
0.3625,0.0275
0.3625,0.1275
0.3675,0.1325
0.3725,0.0325
0.3725,0.1375
0.3775,0.1425
0.3825,0.0375
0.3875,0.1475
0.3925,0.1525
0.4025,0.1575
0.4075,0.1625
0.4175,0.1675
0.4275,0.1725
0.4325,0.1775
0.4425,0.1825
0.4525,0.1875
0.4675,0.1925
0.4775,0.1975
