x,y
0.203706,0.00320781
0.211151,0.00941518
0.218631,0.0153498
0.226138,0.0210276
0.233664,0.0264646
0.241201,0.0316772
0.248743,0.0366822
0.251257,0.0415573
0.256282,0.0463732
0.263814,0.0510209
0.271335,0.0555173
0.278841,0.0598798
0.286326,0.0690666
0.286329,0.0641257
0.296274,0.0928853
0.296275,0.0879032
0.296276,0.0829211
0.296277,0.0779391
0.296278,0.072957
0.3025,0.0675
0.3025,0.0725
0.3025,0.0775
0.3075,0.0825
0.3125,0.0875
0.3175,0.0925
0.3275,0.0975
0.3375,0.0125
0.3375,0.1025
0.3425,0.0175
0.3425,0.1075
0.3525,0.1125
0.3575,0.0225
0.3575,0.1175
0.3625,0.1225
0.3675,0.0275
0.3675,0.1275
0.3775,0.0325
0.3775,0.1325
0.3875,0.1375
0.3925,0.1425
0.3975,0.1475
0.4075,0.1525
0.4125,0.1575
0.4225,0.1625
0.4275,0.1675
0.4375,0.1725
0.4475,0.1775
0.4575,0.1825
0.4675,0.1875
0.4725,0.1925
0.4875,0.1975
