x,y
0.201234,0.00274001
0.208666,0.00903055
0.22113,0.0156313
0.228644,0.0212333
0.231155,0.0263089
0.238689,0.0315907
0.246229,0.0366612
0.251257,0.0415573
0.258794,0.046314
0.266324,0.0509062
0.27384,0.055351
0.28134,0.0596659
0.283834,0.0643663
0.288818,0.0688183
0.296274,0.0928853
0.296275,0.0879032
0.296276,0.0829211
0.296277,0.0779391
0.296278,0.072957
0.3025,0.0675
0.3025,0.0725
0.3025,0.0775
0.3075,0.0825
0.3125,0.0875
0.3225,0.0925
0.3275,0.0975
0.3375,0.0125
0.3375,0.1025
0.3425,0.1075
0.3475,0.0175
0.3525,0.1125
0.3575,0.0225
0.3625,0.1175
0.3675,0.0275
0.3675,0.1225
0.3725,0.1275
0.3775,0.0325
0.3825,0.1325
0.3875,0.1375
0.3975,0.1425
0.4025,0.1475
0.4125,0.1525
0.4175,0.1575
0.4275,0.1625
0.4325,0.1675
0.4425,0.1725
0.4525,0.1775
0.4575,0.1825
0.4675,0.1875
0.4825,0.1925
0.4875,0.1975
