x,y
0.201234,0.00274001
0.211151,0.00941518
0.223631,0.0158894
0.231152,0.0214162
0.238687,0.0267093
0.241201,0.0316772
0.246229,0.0366612
0.25377,0.041537
0.261306,0.046235
0.268832,0.0507724
0.276343,0.0551664
0.283837,0.0594342
0.288821,0.063868
0.296275,0.0879032
0.296276,0.0829211
0.296277,0.0779391
0.296278,0.072957
0.296279,0.0679749
0.3025,0.0675
0.3025,0.0725
0.3075,0.0775
0.3175,0.0825
0.3225,0.0875
0.3275,0.0925
0.3375,0.0125
0.3425,0.0975
0.3425,0.1025
0.3475,0.0175
0.3525,0.1075
0.3575,0.1125
0.3625,0.0225
0.3675,0.0275
0.3675,0.1175
0.3775,0.1225
0.3825,0.1275
0.3925,0.1325
0.3975,0.1375
0.4075,0.1425
0.4175,0.1475
0.4225,0.1525
0.4325,0.1575
0.4375,0.1625
0.4475,0.1675
0.4525,0.1725
0.4625,0.1775
0.4725,0.1825
0.4825,0.1875
0.4875,0.1975
