x,y
0.203706,0.00320781
0.211151,0.00941518
0.223631,0.0158894
0.231152,0.0214162
0.238687,0.0267093
0.246229,0.0317854
0.253771,0.0366612
0.261308,0.0413536
0.268834,0.0458797
0.276346,0.0502567
0.28384,0.054502
0.286331,0.0591848
0.293797,0.0633015
0.296276,0.0829211
0.296277,0.0779391
0.296278,0.072957
0.296279,0.0679749
0.3025,0.0625
0.3025,0.0675
0.3075,0.0725
0.3225,0.0775
0.3225,0.0825
0.3325,0.0875
0.3425,0.0125
0.3425,0.0925
0.3475,0.0975
0.3575,0.0175
0.3625,0.1025
0.3675,0.0225
0.3675,0.1075
0.3775,0.1125
0.3875,0.1175
0.3925,0.1225
0.4025,0.1275
0.4125,0.1325
0.4175,0.1375
0.4275,0.1425
0.4375,0.1475
0.4425,0.1525
0.4525,0.1575
0.4625,0.1625
0.4675,0.1675
0.4775,0.1725
0.4875,0.1975
