x,y
0.203706,0.00320781
0.21364,0.00977595
0.228641,0.0163355
0.228644,0.0212333
0.236175,0.026598
0.246229,0.0317854
0.253771,0.0366612
0.258796,0.0414351
0.266326,0.0460178
0.273843,0.0504477
0.281343,0.0547418
0.288823,0.0589177
0.296276,0.0829211
0.296277,0.0779391
0.296278,0.072957
0.296279,0.0679749
0.296281,0.0629928
0.3025,0.0575
0.3025,0.0625
0.3025,0.0675
0.3125,0.0725
0.3175,0.0775
0.3275,0.0825
0.3375,0.0875
0.3425,0.0925
0.3475,0.0125
0.3525,0.0175
0.3525,0.0975
0.3625,0.1025
0.3675,0.0225
0.3675,0.1075
0.3775,0.1125
0.3875,0.1175
0.4025,0.1225
0.4025,0.1275
0.4125,0.1325
0.4275,0.1375
0.4325,0.1425
0.4425,0.1475
0.4525,0.1525
0.4575,0.1575
0.4675,0.1625
0.4775,0.1675
0.4825,0.1725
