x,y
0.203706,0.00320781
0.21364,0.00977595
0.228641,0.0163355
0.236173,0.0217135
0.243714,0.0268651
0.251257,0.031807
0.258797,0.0365562
0.266329,0.0411295
0.273846,0.0455443
0.281347,0.0498178
0.28384,0.054502
0.291312,0.058633
0.296277,0.0779391
0.296278,0.072957
0.296279,0.0679749
0.296281,0.0629928
0.3025,0.0575
0.3025,0.0625
0.3075,0.0675
0.3125,0.0725
0.3275,0.0775
0.3325,0.0825
0.3425,0.0875
0.3475,0.0125
0.3525,0.0925
0.3575,0.0175
0.3575,0.0975
0.3675,0.1025
0.3725,0.0225
0.3775,0.1075
0.3875,0.1125
0.3975,0.1175
0.4025,0.1225
0.4125,0.1275
0.4225,0.1325
0.4325,0.1375
0.4425,0.1425
0.4475,0.1475
0.4575,0.1525
0.4675,0.1575
0.4775,0.1625
