x,y
0.203706,0.00320781
0.211151,0.00941518
0.226135,0.0161242
0.233662,0.0215762
0.2412,0.0267983
0.248743,0.031807
0.256284,0.0366192
0.263819,0.0412517
0.271341,0.0457219
0.278848,0.0500468
0.286334,0.0542439
0.296277,0.0779391
0.296278,0.072957
0.296279,0.0679749
0.296281,0.0629928
0.296282,0.0580107
0.3025,0.0525
0.3025,0.0575
0.3025,0.0625
0.3075,0.0675
0.3175,0.0725
0.3275,0.0775
0.3325,0.0825
0.3425,0.0875
0.3475,0.0125
0.3525,0.0925
0.3625,0.0175
0.3675,0.0225
0.3675,0.0975
0.3725,0.1025
0.3825,0.1075
0.3875,0.1125
0.3975,0.1175
0.4075,0.1225
0.4225,0.1275
0.4275,0.1325
0.4375,0.1375
0.4475,0.1425
0.4575,0.1475
0.4625,0.1525
0.4725,0.1575
0.4825,0.1625
