x,y
0.203706,0.00320781
0.211151,0.00941518
0.226135,0.0161242
0.233662,0.0215762
0.246228,0.0269096
0.253771,0.0317854
0.26131,0.0364722
0.268837,0.040987
0.27635,0.0453471
0.283843,0.0495699
0.291315,0.0536728
0.296277,0.0779391
0.296278,0.072957
0.296279,0.0679749
0.296281,0.0629928
0.296282,0.0580107
0.3025,0.0525
0.3025,0.0575
0.3075,0.0625
0.3125,0.0675
0.3225,0.0725
0.3325,0.0775
0.3375,0.0825
0.3475,0.0875
0.3525,0.0125
0.3575,0.0175
0.3575,0.0925
0.3725,0.0975
0.3775,0.0225
0.3775,0.1025
0.3875,0.1075
0.3975,0.1125
0.4125,0.1175
0.4175,0.1225
0.4275,0.1275
0.4375,0.1325
0.4425,0.1375
0.4525,0.1425
0.4675,0.1475
0.4725,0.1525
0.4825,0.1575
