x,y
0.203706,0.00320781
0.218628,0.0104258
0.226135,0.0161242
0.233662,0.0215762
0.246228,0.0269096
0.256285,0.0317421
0.263821,0.0363672
0.271344,0.0408241
0.278851,0.0451303
0.286337,0.049303
0.291315,0.0536728
0.296278,0.072957
0.296279,0.0679749
0.296281,0.0629928
0.296282,0.0580107
0.3025,0.0525
0.3025,0.0575
0.3075,0.0625
0.3175,0.0675
0.3275,0.0725
0.3375,0.0775
0.3425,0.0825
0.3525,0.0125
0.3525,0.0875
0.3675,0.0175
0.3675,0.0925
0.3725,0.0225
0.3775,0.0975
0.3825,0.1025
0.3925,0.1075
0.4075,0.1125
0.4175,0.1175
0.4225,0.1225
0.4325,0.1275
0.4425,0.1325
0.4525,0.1375
0.4675,0.1425
0.4775,0.1475
