x,y
0.203706,0.00320781
0.216132,0.0101128
0.23115,0.0165235
0.236173,0.0217135
0.246228,0.0269096
0.253771,0.0317854
0.26131,0.0364722
0.268837,0.040987
0.27635,0.0453471
0.283843,0.0495699
0.296278,0.072957
0.296279,0.0679749
0.296281,0.0629928
0.296282,0.0580107
0.296283,0.0530286
0.3025,0.0475
0.3025,0.0525
0.3025,0.0575
0.3075,0.0625
0.3225,0.0675
0.3275,0.0725
0.3375,0.0775
0.3475,0.0825
0.3525,0.0125
0.3625,0.0875
0.3675,0.0925
0.3725,0.0175
0.3775,0.0225
0.3775,0.0975
0.3875,0.1025
0.4025,0.1075
0.4075,0.1125
0.4175,0.1175
0.4325,0.1225
0.4375,0.1275
0.4475,0.1325
0.4575,0.1375
0.4675,0.1425
0.4775,0.1475
