x,y
0.203706,0.00320781
0.216132,0.0101128
0.228641,0.0163355
0.236173,0.0217135
0.246228,0.0269096
0.253771,0.0317854
0.266331,0.0362412
0.273849,0.040641
0.28135,0.0448938
0.288828,0.0490172
0.296278,0.072957
0.296279,0.0679749
0.296281,0.0629928
0.296282,0.0580107
0.296283,0.0530286
0.3025,0.0475
0.3025,0.0525
0.3025,0.0575
0.3125,0.0625
0.3225,0.0675
0.3325,0.0725
0.3425,0.0775
0.3575,0.0125
0.3575,0.0825
0.3625,0.0875
0.3675,0.0175
0.3725,0.0925
0.3825,0.0975
0.3975,0.1025
0.4025,0.1075
0.4125,0.1125
0.4275,0.1175
0.4375,0.1225
0.4475,0.1275
0.4575,0.1325
0.4675,0.1375
0.4775,0.1425
