x,y
0.203706,0.00320781
0.218628,0.0104258
0.233659,0.0166879
0.241199,0.0219194
0.248743,0.0269319
0.256285,0.0317421
0.263821,0.0363672
0.271344,0.0408241
0.278851,0.0451303
0.286337,0.049303
0.296279,0.0679749
0.296281,0.0629928
0.296282,0.0580107
0.296283,0.0530286
0.3025,0.0475
0.3025,0.0525
0.3025,0.0575
0.3175,0.0625
0.3275,0.0675
0.3325,0.0725
0.3425,0.0775
0.3575,0.0125
0.3575,0.0825
0.3625,0.0875
0.3675,0.0175
0.3775,0.0925
0.3875,0.0975
0.3975,0.1025
0.4125,0.1075
0.4175,0.1125
0.4275,0.1175
0.4375,0.1225
0.4525,0.1275
0.4575,0.1325
0.4725,0.1375
0.4875,0.1425
