x,y
0.203706,0.00320781
0.216132,0.0101128
0.23115,0.0165235
0.238685,0.0218279
0.246228,0.0269096
0.258799,0.0316772
0.266331,0.0362412
0.273849,0.040641
0.28135,0.0448938
0.288828,0.0490172
0.296279,0.0679749
0.296281,0.0629928
0.296282,0.0580107
0.296283,0.0530286
0.3025,0.0475
0.3025,0.0525
0.3025,0.0575
0.3175,0.0625
0.3275,0.0675
0.3425,0.0725
0.3475,0.0775
0.3525,0.0125
0.3575,0.0825
0.3675,0.0875
0.3725,0.0175
0.3825,0.0925
0.3875,0.0975
0.3975,0.1025
0.4125,0.1075
0.4225,0.1125
0.4325,0.1175
0.4425,0.1225
0.4525,0.1275
0.4675,0.1325
0.4725,0.1375
