x,y
0.203706,0.00320781
0.216132,0.0101128
0.23115,0.0165235
0.238685,0.0218279
0.246228,0.0269096
0.261311,0.0315907
0.26884,0.0360943
0.276353,0.0404375
0.283846,0.0446378
0.291317,0.0487125
0.296279,0.0679749
0.296281,0.0629928
0.296282,0.0580107
0.296283,0.0530286
0.3025,0.0425
0.3025,0.0475
0.3025,0.0525
0.3075,0.0575
0.3175,0.0625
0.3275,0.0675
0.3425,0.0725
0.3525,0.0775
0.3625,0.0125
0.3675,0.0175
0.3675,0.0825
0.3725,0.0875
0.3825,0.0925
0.3975,0.0975
0.4025,0.1025
0.4175,0.1075
0.4275,0.1125
0.4375,0.1175
0.4525,0.1225
0.4575,0.1275
0.4725,0.1325
