x,y
0.206183,0.00365125
0.218628,0.0104258
0.233659,0.0166879
0.241199,0.0219194
0.248743,0.0269319
0.263823,0.0314826
0.271347,0.0359264
0.273849,0.040641
0.283846,0.0446378
0.291317,0.0487125
0.296279,0.0679749
0.296281,0.0629928
0.296282,0.0580107
0.296283,0.0530286
0.3025,0.0475
0.3025,0.0525
0.3075,0.0575
0.3225,0.0625
0.3325,0.0675
0.3475,0.0725
0.3525,0.0775
0.3625,0.0125
0.3625,0.0825
0.3725,0.0175
0.3775,0.0875
0.3875,0.0925
0.4025,0.0975
0.4075,0.1025
0.4225,0.1075
0.4325,0.1125
0.4425,0.1175
0.4525,0.1225
0.4675,0.1275
0.4775,0.1325
