x,y
0.203706,0.00320781
0.221127,0.0107148
0.236171,0.0168289
0.238685,0.0218279
0.246228,0.0269096
0.258799,0.0316772
0.26884,0.0360943
0.276353,0.0404375
0.283846,0.0446378
0.296279,0.0679749
0.296281,0.0629928
0.296282,0.0580107
0.296283,0.0530286
0.296284,0.0480466
0.3025,0.0425
0.3025,0.0475
0.3025,0.0525
0.3125,0.0575
0.3275,0.0625
0.3325,0.0675
0.3425,0.0725
0.3575,0.0775
0.3625,0.0125
0.3675,0.0825
0.3725,0.0175
0.3825,0.0875
0.3875,0.0925
0.4025,0.0975
0.4125,0.1025
0.4275,0.1075
0.4325,0.1125
0.4475,0.1175
0.4575,0.1225
0.4675,0.1275
0.4775,0.1325
