x,y
0.206183,0.00365125
0.218628,0.0104258
0.233659,0.0166879
0.241199,0.0219194
0.248743,0.0269319
0.263823,0.0314826
0.271347,0.0359264
0.278854,0.0402138
0.288831,0.044067
0.296279,0.0679749
0.296281,0.0629928
0.296282,0.0580107
0.296283,0.0530286
0.296284,0.0480466
0.3025,0.0475
0.3025,0.0525
0.3125,0.0575
0.3275,0.0625
0.3325,0.0675
0.3475,0.0725
0.3575,0.0775
0.3625,0.0125
0.3675,0.0825
0.3775,0.0175
0.3825,0.0875
0.3975,0.0925
0.4025,0.0975
0.4175,0.1025
0.4275,0.1075
0.4375,0.1125
0.4475,0.1175
0.4625,0.1225
0.4725,0.1275
