x,y
0.206183,0.00365125
0.218628,0.0104258
0.233659,0.0166879
0.241199,0.0219194
0.248743,0.0269319
0.261311,0.0315907
0.271347,0.0359264
0.278854,0.0402138
0.28634,0.0443621
0.296281,0.0629928
0.296282,0.0580107
0.296283,0.0530286
0.296284,0.0480466
0.3025,0.0425
0.3025,0.0475
0.3075,0.0525
0.3225,0.0575
0.3275,0.0625
0.3425,0.0675
0.3525,0.0725
0.3675,0.0125
0.3675,0.0775
0.3775,0.0175
0.3775,0.0825
0.3925,0.0875
0.3975,0.0925
0.4125,0.0975
0.4225,0.1025
0.4375,0.1075
0.4475,0.1125
0.4575,0.1175
0.4725,0.1225
