x,y
0.203706,0.00320781
0.218628,0.0104258
0.233659,0.0166879
0.243713,0.0219881
0.251257,0.0269319
0.263823,0.0314826
0.273852,0.0357376
0.281353,0.0399698
0.288831,0.044067
0.296281,0.0629928
0.296282,0.0580107
0.296283,0.0530286
0.296284,0.0480466
0.3025,0.0425
0.3025,0.0475
0.3075,0.0525
0.3175,0.0575
0.3325,0.0625
0.3425,0.0675
0.3525,0.0725
0.3675,0.0125
0.3725,0.0775
0.3775,0.0825
0.3825,0.0175
0.3925,0.0875
0.4025,0.0925
0.4175,0.0975
0.4225,0.1025
0.4375,0.1075
0.4525,0.1125
0.4675,0.1175
0.4775,0.1225
