x,y
0.203706,0.00320781
0.228639,0.0114378
0.236171,0.0168289
0.243713,0.0219881
0.2588,0.0267983
0.266333,0.0313529
0.273852,0.0357376
0.283849,0.0397056
0.296281,0.0629928
0.296282,0.0580107
0.296283,0.0530286
0.296284,0.0480466
0.296285,0.0430645
0.3025,0.0375
0.3025,0.0425
0.3075,0.0475
0.3125,0.0525
0.3225,0.0575
0.3375,0.0625
0.3425,0.0675
0.3575,0.0725
0.3675,0.0125
0.3725,0.0775
0.3825,0.0825
0.3975,0.0875
0.4075,0.0925
0.4225,0.0975
0.4275,0.1025
0.4425,0.1075
0.4575,0.1125
0.4725,0.1175
