x,y
0.1925,0.0025
0.1925,0.0075
0.1925,0.0125
0.1925,0.0175
0.1925,0.0225
0.1925,0.0275
0.1925,0.0325
0.1925,0.0375
0.1925,0.0425
0.1925,0.0475
0.1925,0.0525
0.1925,0.0575
0.1975,0.1975
0.201213,0.0278463
0.201214,0.0328362
0.203652,0.0384621
0.206103,0.0440174
0.208567,0.049505
0.211042,0.0549277
0.213527,0.0602884
0.21602,0.06559
0.21852,0.0708355
0.223529,0.0763199
0.226045,0.0814254
0.231077,0.086682
0.233601,0.0916685
0.238645,0.0967305
0.241171,0.101619
0.243695,0.10648
0.248739,0.111334
0.25126,0.116126
0.256296,0.120867
0.25881,0.125615
0.263834,0.130277
0.271357,0.13479
0.276359,0.139372
0.278851,0.144091
0.283838,0.14868
0.288817,0.153282
0.296264,0.177633
0.296267,0.172663
0.29627,0.167693
0.296273,0.162722
0.296276,0.157752
0.298788,0.0228563
0.298789,0.0178663
0.29879,0.0128763
0.298791,0.00788637
0.3025,0.1525
0.3025,0.1575
0.3025,0.1625
0.3025,0.1675
0.3125,0.1725
0.3175,0.1775
0.3225,0.0125
0.3275,0.1825
0.3325,0.0175
0.3325,0.1875
0.3375,0.0225
0.3425,0.0275
0.3425,0.1925
0.3475,0.0325
0.3525,0.0375
0.3575,0.0425
0.3575,0.1975
0.3625,0.0475
0.3675,0.0525
0.3725,0.0575
0.3775,0.0625
0.3825,0.0675
0.3825,0.0725
0.3875,0.0775
0.3925,0.0825
0.3975,0.0875
0.4025,0.0925
