x,y
0.1925,0.0025
0.1925,0.0075
0.1925,0.0125
0.1925,0.0175
0.1925,0.0225
0.1925,0.0275
0.1925,0.0325
0.1925,0.0375
0.1925,0.0425
0.1925,0.0475
0.1925,0.0525
0.1975,0.1975
0.201212,0.0228563
0.201213,0.0278463
0.203649,0.0334917
0.203652,0.0384621
0.208562,0.0445707
0.211035,0.05001
0.213519,0.0553862
0.216012,0.0607024
0.218511,0.0659614
0.221018,0.0711662
0.226036,0.0765856
0.228555,0.0816554
0.233594,0.0868538
0.236119,0.0918096
0.241167,0.0968204
0.243692,0.101684
0.248739,0.106541
0.251261,0.111334
0.256299,0.116072
0.261331,0.120747
0.26384,0.125469
0.268857,0.13008
0.273863,0.134663
0.27886,0.139229
0.28135,0.143948
0.286333,0.148527
0.291307,0.153125
0.296267,0.172663
0.29627,0.167693
0.296273,0.162722
0.296276,0.157752
0.298789,0.0178663
0.29879,0.0128763
0.298791,0.00788637
0.3025,0.1525
0.3025,0.1575
0.3025,0.1625
0.3075,0.1675
0.3175,0.1725
0.3225,0.0125
0.3225,0.1775
0.3325,0.0175
0.3325,0.1825
0.3375,0.0225
0.3375,0.1875
0.3425,0.0275
0.3475,0.1925
0.3525,0.0325
0.3575,0.0375
0.3625,0.0425
0.3625,0.1975
0.3675,0.0475
0.3675,0.0525
0.3725,0.0575
0.3775,0.0625
0.3825,0.0675
0.3875,0.0725
0.3925,0.0775
0.3975,0.0825
0.4025,0.0875
