x,y
0.1925,0.0025
0.1925,0.0075
0.1925,0.0125
0.1925,0.0175
0.1925,0.0225
0.1925,0.0275
0.1925,0.0325
0.1925,0.0375
0.1925,0.0425
0.1925,0.0475
0.1975,0.1975
0.201211,0.0178663
0.201212,0.0228563
0.203646,0.0285213
0.203649,0.0334917
0.208556,0.0396365
0.211028,0.0450923
0.213511,0.050484
0.216003,0.0558147
0.218503,0.0610872
0.223512,0.0666195
0.226028,0.0717459
0.228547,0.076825
0.233587,0.0820391
0.236114,0.0870012
0.23864,0.0919273
0.24369,0.0968879
0.246215,0.101727
0.251261,0.106541
0.253782,0.111314
0.258818,0.116017
0.263846,0.12066
0.266353,0.125372
0.271365,0.129959
0.278869,0.134368
0.283855,0.138905
0.288831,0.143446
0.293799,0.148006
0.29627,0.167693
0.296273,0.162722
0.296276,0.157752
0.296279,0.152781
0.29879,0.0128763
0.298791,0.00788637
0.3025,0.1475
0.3025,0.1525
0.3025,0.1575
0.3075,0.1625
0.3125,0.1675
0.3225,0.1725
0.3275,0.0125
0.3275,0.1775
0.3325,0.0175
0.3375,0.1825
0.3425,0.0225
0.3425,0.1875
0.3475,0.0275
0.3525,0.0325
0.3525,0.1925
0.3575,0.0375
0.3675,0.0425
0.3675,0.1975
0.3725,0.0475
0.3725,0.0525
0.3775,0.0575
0.3875,0.0625
0.3925,0.0675
0.3925,0.0725
0.3975,0.0775
0.4075,0.0825
