x,y
0.1925,0.0025
0.1925,0.0075
0.1925,0.0125
0.1925,0.0175
0.1925,0.0225
0.1925,0.0275
0.1925,0.0325
0.1925,0.0375
0.1925,0.0425
0.1975,0.1975
0.20121,0.0128763
0.201211,0.0178663
0.201212,0.0228563
0.203646,0.0285213
0.206094,0.0341138
0.211021,0.0401745
0.213504,0.0455819
0.215995,0.0509271
0.218494,0.0562131
0.223503,0.0617693
0.226019,0.0669061
0.22854,0.0719946
0.233581,0.0772244
0.236108,0.0821927
0.241159,0.0872224
0.243687,0.092092
0.248738,0.0969554
0.251262,0.101748
0.256305,0.10648
0.258822,0.111218
0.263852,0.115852
0.268871,0.120436
0.271373,0.125129
0.276376,0.129672
0.281367,0.134199
0.286348,0.138723
0.291319,0.143256
0.29627,0.167693
0.296273,0.162722
0.296276,0.157752
0.296279,0.152781
0.296282,0.147811
0.298791,0.00788637
0.3025,0.1425
0.3025,0.1475
0.3025,0.1525
0.3075,0.1575
0.3125,0.1625
0.3175,0.1675
0.3275,0.0125
0.3275,0.1725
0.3325,0.0175
0.3375,0.1775
0.3425,0.0225
0.3425,0.1825
0.3475,0.1875
0.3525,0.0275
0.3575,0.0325
0.3575,0.1925
0.3625,0.0375
0.3675,0.0425
0.3725,0.1975
0.3775,0.0475
0.3825,0.0525
0.3875,0.0575
0.3925,0.0625
0.3975,0.0675
0.4025,0.0725
0.4075,0.0775
0.4125,0.0825
