x,y
0.1925,0.0025
0.1925,0.0075
0.1925,0.0125
0.1925,0.0175
0.1925,0.0225
0.1925,0.0275
0.1925,0.0325
0.1925,0.0375
0.1975,0.1975
0.201209,0.00788637
0.20121,0.0128763
0.201211,0.0178663
0.203643,0.0235509
0.20609,0.0291619
0.20855,0.0347022
0.213496,0.0406797
0.215987,0.0460394
0.218486,0.051339
0.220991,0.0565813
0.226011,0.0620663
0.228532,0.0671642
0.233574,0.0724096
0.236102,0.0773843
0.241155,0.0824233
0.243684,0.0872961
0.248737,0.0921627
0.253787,0.0969329
0.256308,0.101684
0.261345,0.106337
0.263857,0.111043
0.268879,0.115614
0.273889,0.120144
0.276385,0.124822
0.281376,0.129325
0.286356,0.133821
0.291325,0.138322
0.296273,0.162722
0.296276,0.157752
0.296279,0.152781
0.296282,0.147811
0.296285,0.142841
0.3025,0.1425
0.3025,0.1475
0.3075,0.1525
0.3125,0.1575
0.3175,0.1625
0.3225,0.1675
0.3275,0.0125
0.3325,0.0175
0.3325,0.1725
0.3375,0.1775
0.3425,0.0225
0.3475,0.1825
0.3525,0.0275
0.3525,0.1875
0.3625,0.0325
0.3625,0.1925
0.3675,0.0375
0.3725,0.0425
0.3775,0.1975
0.3825,0.0475
0.3875,0.0525
0.3925,0.0575
0.3975,0.0625
0.4025,0.0675
0.4075,0.0725
0.4125,0.0775
