x,y
0.1925,0.0025
0.1925,0.0075
0.1925,0.0125
0.1925,0.0175
0.1925,0.0225
0.1925,0.0275
0.1925,0.0325
0.1975,0.1975
0.201209,0.00788637
0.20121,0.0128763
0.20364,0.0185805
0.206085,0.0242101
0.208544,0.0297679
0.211014,0.0352568
0.213496,0.0406797
0.218477,0.0464648
0.220983,0.0517196
0.223494,0.0569191
0.228524,0.0623338
0.231048,0.0673939
0.236096,0.0725758
0.238626,0.0775176
0.243681,0.0825002
0.24621,0.0873453
0.251263,0.0921627
0.253787,0.0969329
0.258829,0.101619
0.263863,0.106235
0.266373,0.110927
0.271389,0.115468
0.276393,0.119972
0.278886,0.124644
0.283872,0.129129
0.288845,0.133611
0.293809,0.138102
0.296276,0.157752
0.296279,0.152781
0.296282,0.147811
0.296285,0.142841
0.3025,0.1375
0.3025,0.1425
0.3025,0.1475
0.3075,0.1525
0.3175,0.1575
0.3225,0.1625
0.3275,0.0125
0.3275,0.1675
0.3375,0.0175
0.3375,0.1725
0.3425,0.0225
0.3425,0.1775
0.3525,0.0275
0.3525,0.1825
0.3625,0.0325
0.3625,0.1875
0.3675,0.1925
0.3725,0.0375
0.3775,0.0425
0.3825,0.0475
0.3825,0.1975
0.3875,0.0525
0.3975,0.0575
0.4025,0.0625
0.4075,0.0675
0.4125,0.0725
