x,y
0.1925,0.0025
0.1925,0.0075
0.1925,0.0125
0.1925,0.0175
0.1925,0.0225
0.1925,0.0275
0.1925,0.0325
0.1975,0.1975
0.201209,0.00788637
0.20121,0.0128763
0.20364,0.0185805
0.208538,0.0248337
0.211007,0.0303391
0.213488,0.0357775
0.218468,0.0415907
0.220974,0.046858
0.223486,0.0520689
0.228516,0.0575034
0.231041,0.0625718
0.23609,0.0677674
0.238621,0.0727144
0.243678,0.0777043
0.248736,0.0825772
0.251263,0.0873699
0.256313,0.092092
0.258833,0.0968204
0.263869,0.101427
0.266379,0.106113
0.271397,0.110638
0.276402,0.115121
0.278895,0.119783
0.28388,0.124242
0.288852,0.128693
0.293813,0.13315
0.296279,0.152781
0.296282,0.147811
0.296285,0.142841
0.296288,0.13787
0.3025,0.1325
0.3025,0.1375
0.3025,0.1425
0.3075,0.1475
0.3125,0.1525
0.3225,0.1575
0.3275,0.0125
0.3275,0.1625
0.3325,0.1675
0.3375,0.0175
0.3425,0.0225
0.3425,0.1725
0.3475,0.1775
0.3525,0.0275
0.3575,0.1825
0.3625,0.0325
0.3675,0.1875
0.3775,0.0375
0.3775,0.1925
0.3825,0.0425
0.3875,0.0475
0.3875,0.1975
0.3925,0.0525
0.3975,0.0575
0.4075,0.0625
0.4125,0.0675
0.4175,0.0725
