x,y
0.201208,0.0028964
0.203634,0.00863971
0.206076,0.0143064
0.208532,0.0198994
0.213472,0.0259732
0.215962,0.0313765
0.21846,0.0367166
0.223468,0.0423685
0.225986,0.047547
0.231026,0.0529277
0.236079,0.0581505
0.238611,0.0631079
0.243673,0.0681125
0.246205,0.0729639
0.251265,0.0777844
0.253792,0.0825515
0.258841,0.0872224
0.263881,0.0918096
0.266393,0.0964833
0.271413,0.100977
0.273914,0.105624
0.278912,0.110059
0.283897,0.114466
0.286379,0.119114
0.291343,0.123519
0.296282,0.147811
0.296285,0.142841
0.296288,0.13787
0.296291,0.1329
0.296294,0.127929
0.3025,0.1275
0.3025,0.1325
0.3075,0.1375
0.3125,0.1425
0.3175,0.1475
0.3225,0.1525
0.3275,0.0125
0.3325,0.1575
0.3375,0.0175
0.3375,0.1625
0.3475,0.0225
0.3475,0.1675
0.3525,0.1725
0.3575,0.0275
0.3625,0.1775
0.3675,0.0325
0.3675,0.1825
0.3775,0.0375
0.3775,0.1875
0.3875,0.0425
0.3875,0.1925
0.3975,0.0475
0.3975,0.1975
0.4075,0.0525
0.4125,0.0575
0.4175,0.0625
