x,y
0.203631,0.00366931
0.206071,0.0093546
0.208526,0.0149651
0.210993,0.0205037
0.213472,0.0259732
0.218451,0.0318424
0.220956,0.0371347
0.225978,0.0427072
0.2285,0.0478427
0.233548,0.0531507
0.238606,0.0583047
0.24114,0.0632272
0.246203,0.0681701
0.248735,0.0729916
0.253793,0.0777577
0.256319,0.0825002
0.261365,0.087124
0.266399,0.0916685
0.268908,0.0963261
0.273922,0.100785
0.276419,0.105421
0.281411,0.109829
0.286387,0.114212
0.291349,0.118585
0.296285,0.142841
0.296288,0.13787
0.296291,0.1329
0.296294,0.127929
0.296297,0.122959
0.3025,0.1225
0.3025,0.1275
0.3025,0.1325
0.3075,0.1375
0.3175,0.1425
0.3225,0.1475
0.3275,0.1525
0.3325,0.0125
0.3375,0.0175
0.3375,0.1575
0.3425,0.1625
0.3475,0.0225
0.3475,0.1675
0.3575,0.0275
0.3575,0.1725
0.3625,0.1775
0.3675,0.0325
0.3725,0.1825
0.3775,0.0375
0.3825,0.1875
0.3875,0.1925
0.3925,0.0425
0.4025,0.0475
0.4025,0.1975
0.4075,0.0525
0.4125,0.0575
0.4225,0.0625
