x,y
0.206066,0.00440277
0.206071,0.0093546
0.208526,0.0149651
0.213465,0.021071
0.215953,0.0264889
0.220948,0.032273
0.22346,0.0375183
0.228492,0.0430123
0.231019,0.0481057
0.236073,0.053342
0.241136,0.0584281
0.24367,0.0633166
0.248734,0.0681989
0.251265,0.0729916
0.256322,0.0777043
0.258845,0.0824233
0.263886,0.0870012
0.271421,0.0961466
0.271429,0.0913162
0.27893,0.100336
0.281419,0.104954
0.286395,0.10931
0.291355,0.11365
0.296288,0.13787
0.296291,0.1329
0.296294,0.127929
0.296297,0.122959
0.2963,0.117989
0.3025,0.1175
0.3025,0.1225
0.3025,0.1275
0.3075,0.1325
0.3175,0.1375
0.3225,0.1425
0.3275,0.1475
0.3325,0.0125
0.3325,0.1525
0.3425,0.0175
0.3425,0.1575
0.3475,0.0225
0.3475,0.1625
0.3525,0.1675
0.3575,0.0275
0.3625,0.1725
0.3675,0.0325
0.3675,0.1775
0.3775,0.0375
0.3775,0.1825
0.3875,0.0425
0.3875,0.1875
0.3925,0.1925
0.4075,0.0475
0.4075,0.1975
0.4175,0.0525
0.4225,0.0575
