x,y
0.206066,0.00440277
0.20852,0.0100309
0.210986,0.015586
0.213465,0.021071
0.218442,0.0269683
0.223451,0.0326681
0.225969,0.0378674
0.231011,0.0432837
0.233541,0.048336
0.238601,0.0535015
0.243667,0.0585207
0.248734,0.0634061
0.251266,0.0681989
0.256324,0.0729084
0.258849,0.0776243
0.263892,0.0821927
0.268923,0.086682
0.271429,0.0913162
0.278939,0.0954745
0.281428,0.10008
0.283913,0.104691
0.291361,0.108716
0.296291,0.1329
0.296294,0.127929
0.296297,0.122959
0.2963,0.117989
0.296303,0.113018
0.3025,0.1125
0.3025,0.1175
0.3025,0.1225
0.3075,0.1275
0.3175,0.1325
0.3225,0.1375
0.3275,0.1425
0.3325,0.0125
0.3325,0.1475
0.3375,0.1525
0.3425,0.0175
0.3425,0.1575
0.3475,0.0225
0.3525,0.1625
0.3575,0.0275
0.3575,0.1675
0.3675,0.0325
0.3675,0.1725
0.3725,0.1775
0.3825,0.0375
0.3825,0.1825
0.3925,0.0425
0.3925,0.1875
0.4025,0.0475
0.4025,0.1925
0.4125,0.1975
