x,y
0.208514,0.00509658
0.20852,0.0100309
0.210986,0.015586
0.215945,0.0216012
0.220939,0.0274114
0.223451,0.0326681
0.228484,0.0381819
0.233535,0.0435213
0.236067,0.0485335
0.241132,0.0536291
0.2462,0.0585825
0.251266,0.0634061
0.253797,0.0681701
0.258853,0.0728252
0.261374,0.0775176
0.26893,0.08186
0.273947,0.0862652
0.276445,0.0908705
0.281437,0.0952062
0.283922,0.0998035
0.288887,0.104105
0.293836,0.108391
0.296291,0.1329
0.296294,0.127929
0.296297,0.122959
0.2963,0.117989
0.296303,0.113018
0.3025,0.1075
0.3025,0.1125
0.3025,0.1175
0.3075,0.1225
0.3125,0.1275
0.3175,0.1325
0.3275,0.1375
0.3325,0.0125
0.3325,0.1425
0.3375,0.1475
0.3425,0.0175
0.3425,0.1525
0.3525,0.0225
0.3525,0.1575
0.3575,0.0275
0.3575,0.1625
0.3625,0.1675
0.3725,0.0325
0.3725,0.1725
0.3825,0.0375
0.3825,0.1775
0.3875,0.1825
0.3925,0.0425
0.3975,0.1875
0.4025,0.0475
0.4075,0.1925
0.4225,0.1975
