x,y
0.203631,0.00366931
0.20852,0.0100309
0.213457,0.0161689
0.215945,0.0216012
0.220939,0.0274114
0.225961,0.0330276
0.231004,0.0384616
0.233535,0.0435213
0.238596,0.0486982
0.243664,0.0537248
0.248733,0.0586133
0.253799,0.0633763
0.256327,0.0681125
0.261379,0.0727144
0.263898,0.0773843
0.26893,0.08186
0.276454,0.0860203
0.278947,0.0906128
0.28393,0.0949158
0.286411,0.0995057
0.293841,0.103439
0.296294,0.127929
0.296297,0.122959
0.2963,0.117989
0.296303,0.113018
0.296306,0.108048
0.3025,0.1075
0.3025,0.1125
0.3075,0.1175
0.3125,0.1225
0.3175,0.1275
0.3225,0.1325
0.3275,0.1375
0.3325,0.0125
0.3375,0.1425
0.3425,0.0175
0.3425,0.1475
0.3475,0.1525
0.3525,0.0225
0.3525,0.1575
0.3625,0.0275
0.3625,0.1625
0.3675,0.1675
0.3725,0.0325
0.3775,0.1725
0.3825,0.0375
0.3825,0.1775
0.3925,0.0425
0.3925,0.1825
0.4025,0.1875
0.4125,0.1925
0.4225,0.1975
