x,y
0.206066,0.00440277
0.210979,0.0106683
0.213457,0.0161689
0.218434,0.0220942
0.220939,0.0274114
0.228476,0.0333515
0.231004,0.0384616
0.236062,0.0437251
0.241128,0.04883
0.246198,0.0537887
0.251267,0.0586133
0.253799,0.0633763
0.261384,0.0679111
0.263904,0.0725758
0.268937,0.0770379
0.273955,0.0814254
0.276454,0.0860203
0.281445,0.090332
0.286418,0.0946035
0.291373,0.0988477
0.296297,0.122959
0.2963,0.117989
0.296303,0.113018
0.296306,0.108048
0.296309,0.103077
0.3025,0.1025
0.3025,0.1075
0.3025,0.1125
0.3125,0.1175
0.3175,0.1225
0.3225,0.1275
0.3275,0.1325
0.3325,0.0125
0.3375,0.1375
0.3375,0.1425
0.3425,0.0175
0.3475,0.1475
0.3525,0.0225
0.3525,0.1525
0.3575,0.1575
0.3625,0.0275
0.3675,0.1625
0.3725,0.0325
0.3725,0.1675
0.3825,0.0375
0.3825,0.1725
0.3875,0.1775
0.3975,0.0425
0.3975,0.1825
0.4075,0.1875
0.4175,0.1925
0.4325,0.1975
