x,y
0.203631,0.00366931
0.210979,0.0106683
0.215937,0.0167136
0.22093,0.0225497
0.225952,0.0281879
0.230996,0.0336396
0.236056,0.0389166
0.238592,0.043895
0.246196,0.0489949
0.248733,0.0538206
0.2538,0.0585825
0.261389,0.0631079
0.266432,0.0675949
0.268945,0.0722159
0.273964,0.0765856
0.281454,0.0854579
0.281463,0.0805838
0.288908,0.0893517
0.29385,0.0935358
0.2963,0.117989
0.296303,0.113018
0.296306,0.108048
0.296309,0.103077
0.296312,0.098107
0.3025,0.0975
0.3025,0.1025
0.3075,0.1075
0.3125,0.1125
0.3225,0.1175
0.3275,0.1225
0.3325,0.1275
0.3375,0.0125
0.3375,0.1325
0.3425,0.1375
0.3475,0.0175
0.3475,0.1425
0.3575,0.0225
0.3575,0.1475
0.3625,0.1525
0.3675,0.0275
0.3725,0.1575
0.3775,0.0325
0.3775,0.1625
0.3825,0.1675
0.3925,0.0375
0.3925,0.1725
0.3975,0.1775
0.4075,0.1825
0.4175,0.1875
0.4275,0.1925
0.4425,0.1975
