x,y
0.206066,0.00440277
0.210979,0.0106683
0.218425,0.01722
0.22093,0.0225497
0.228468,0.0285211
0.230996,0.0336396
0.238587,0.0390918
0.246195,0.044201
0.248732,0.0490278
0.253802,0.0537887
0.261394,0.0583047
0.263915,0.0629589
0.268952,0.0673939
0.276471,0.0763199
0.27648,0.0714697
0.283955,0.0802529
0.286434,0.0847992
0.293855,0.088584
0.296303,0.113018
0.296306,0.108048
0.296309,0.103077
0.296312,0.098107
0.296315,0.0931366
0.3025,0.0925
0.3025,0.0975
0.3075,0.1025
0.3125,0.1075
0.3225,0.1125
0.3275,0.1175
0.3325,0.1225
0.3375,0.0125
0.3375,0.1275
0.3475,0.0175
0.3475,0.1325
0.3525,0.1375
0.3575,0.0225
0.3575,0.1425
0.3625,0.1475
0.3675,0.0275
0.3725,0.1525
0.3775,0.0325
0.3825,0.1575
0.3875,0.1625
0.3925,0.0375
0.3925,0.1675
0.4025,0.1725
0.4125,0.1775
0.4175,0.1825
0.4275,0.1875
0.4375,0.1925
0.4525,0.1975
