x,y
0.203631,0.00366931
0.210979,0.0106683
0.218425,0.01722
0.223434,0.0229677
0.228468,0.0285211
0.233521,0.0338918
0.24112,0.0392319
0.246195,0.044201
0.248732,0.0490278
0.256336,0.0537248
0.258864,0.0584281
0.266439,0.0627802
0.271468,0.0671642
0.273972,0.0717459
0.278974,0.0760279
0.286442,0.079897
0.291391,0.0840449
0.296306,0.108048
0.296309,0.103077
0.296312,0.098107
0.296315,0.0931366
0.296318,0.0881662
0.3025,0.0875
0.3025,0.0925
0.3075,0.0975
0.3125,0.1025
0.3175,0.1075
0.3225,0.1125
0.3325,0.1175
0.3375,0.0125
0.3375,0.1225
0.3475,0.1275
0.3525,0.0175
0.3525,0.1325
0.3575,0.0225
0.3575,0.1375
0.3625,0.1425
0.3725,0.0275
0.3725,0.1475
0.3775,0.1525
0.3825,0.0325
0.3825,0.1575
0.3925,0.0375
0.3925,0.1625
0.3975,0.1675
0.4075,0.1725
0.4175,0.1775
0.4225,0.1825
0.4325,0.1875
0.4425,0.1925
0.4575,0.1975
