x,y
0.206066,0.00440277
0.213449,0.0112667
0.218425,0.01722
0.223434,0.0229677
0.228468,0.0285211
0.23605,0.0341082
0.24112,0.0392319
0.248731,0.0442351
0.251268,0.0490278
0.256336,0.0537248
0.263921,0.0581505
0.266439,0.0627802
0.273981,0.0669061
0.27648,0.0714697
0.283963,0.0753653
0.286442,0.079897
0.293859,0.0836321
0.296306,0.108048
0.296309,0.103077
0.296312,0.098107
0.296315,0.0931366
0.296318,0.0881662
0.3025,0.0825
0.3025,0.0875
0.3025,0.0925
0.3075,0.0975
0.3175,0.1025
0.3225,0.1075
0.3275,0.1125
0.3325,0.1175
0.3425,0.0125
0.3425,0.1225
0.3475,0.1275
0.3525,0.0175
0.3525,0.1325
0.3625,0.0225
0.3625,0.1375
0.3675,0.1425
0.3725,0.0275
0.3725,0.1475
0.3825,0.0325
0.3825,0.1525
0.3875,0.1575
0.3975,0.0375
0.3975,0.1625
0.4025,0.1675
0.4125,0.1725
0.4175,0.1775
0.4275,0.1825
0.4375,0.1875
0.4475,0.1925
0.4625,0.1975
