x,y
0.206066,0.00440277
0.213449,0.0112667
0.220921,0.0176881
0.225944,0.0233481
0.228468,0.0285211
0.23605,0.0341082
0.243656,0.0393371
0.246195,0.044201
0.253804,0.0489949
0.261399,0.0535015
0.263921,0.0581505
0.268959,0.0625718
0.276488,0.0666195
0.278982,0.0711662
0.28645,0.0749949
0.291397,0.0791106
0.296309,0.103077
0.296312,0.098107
0.296315,0.0931366
0.296318,0.0881662
0.296321,0.0831958
0.3025,0.0825
0.3025,0.0875
0.3025,0.0925
0.3125,0.0975
0.3175,0.1025
0.3275,0.1075
0.3325,0.1125
0.3375,0.1175
0.3425,0.0125
0.3475,0.1225
0.3525,0.0175
0.3525,0.1275
0.3625,0.0225
0.3625,0.1325
0.3675,0.1375
0.3725,0.1425
0.3775,0.0275
0.3775,0.1475
0.3825,0.0325
0.3875,0.1525
0.3975,0.0375
0.3975,0.1575
0.4025,0.1625
0.4075,0.1675
0.4175,0.1725
0.4275,0.1775
0.4325,0.1825
0.4425,0.1875
0.4525,0.1925
0.4675,0.1975
