x,y
0.203631,0.00366931
0.210979,0.0106683
0.218425,0.01722
0.225944,0.0233481
0.230989,0.0288176
0.238582,0.0342886
0.24112,0.0392319
0.248731,0.0442351
0.256338,0.0489289
0.258868,0.0536291
0.266446,0.0579655
0.273981,0.0669061
0.273989,0.0620663
0.28148,0.0708355
0.283963,0.0753653
0.291397,0.0791106
0.296309,0.103077
0.296312,0.098107
0.296315,0.0931366
0.296318,0.0881662
0.296321,0.0831958
0.3025,0.0775
0.3025,0.0825
0.3025,0.0875
0.3075,0.0925
0.3175,0.0975
0.3225,0.1025
0.3275,0.1075
0.3375,0.1125
0.3425,0.0125
0.3425,0.1175
0.3525,0.0175
0.3525,0.1225
0.3575,0.1275
0.3625,0.1325
0.3675,0.0225
0.3725,0.1375
0.3775,0.0275
0.3775,0.1425
0.3875,0.0325
0.3875,0.1475
0.3925,0.1525
0.3975,0.1575
0.4075,0.1625
0.4125,0.1675
0.4225,0.1725
0.4325,0.1775
0.4375,0.1825
0.4475,0.1875
0.4575,0.1925
0.4725,0.1975
