x,y
0.203631,0.00366931
0.213449,0.0112667
0.220921,0.0176881
0.22846,0.0236907
0.233515,0.0290771
0.241116,0.0344329
0.248731,0.0394423
0.256341,0.044133
0.258872,0.04883
0.263927,0.053342
0.271484,0.0575034
0.273989,0.0620663
0.281489,0.0659614
0.288937,0.0696808
0.291403,0.0741763
0.296315,0.0931366
0.296318,0.0881662
0.296321,0.0831958
0.296324,0.0782254
0.3025,0.0725
0.3025,0.0775
0.3075,0.0825
0.3125,0.0875
0.3175,0.0925
0.3275,0.0975
0.3325,0.1025
0.3425,0.1075
0.3475,0.0125
0.3475,0.1125
0.3575,0.0175
0.3575,0.1175
0.3675,0.0225
0.3675,0.1225
0.3725,0.1275
0.3825,0.0275
0.3825,0.1325
0.3925,0.1375
0.3975,0.1425
0.4025,0.1475
0.4125,0.1525
0.4175,0.1575
0.4275,0.1625
0.4375,0.1675
0.4425,0.1725
0.4525,0.1775
0.4625,0.1825
0.4725,0.1875
0.4825,0.1925
0.4875,0.1975
