x,y
0.203631,0.00366931
0.218416,0.0123459
0.225936,0.0185083
0.22846,0.0236907
0.236044,0.0292997
0.241116,0.0344329
0.248731,0.0394423
0.256341,0.044133
0.261404,0.0486982
0.268974,0.0529277
0.276506,0.0569191
0.279,0.0614429
0.286465,0.0651905
0.288937,0.0696808
0.296315,0.0931366
0.296318,0.0881662
0.296321,0.0831958
0.296324,0.0782254
0.296327,0.073255
0.3025,0.0725
0.3025,0.0775
0.3075,0.0825
0.3175,0.0875
0.3225,0.0925
0.3325,0.0975
0.3425,0.1025
0.3475,0.0125
0.3475,0.1075
0.3575,0.1125
0.3625,0.0175
0.3625,0.1175
0.3725,0.0225
0.3725,0.1225
0.3825,0.1275
0.3875,0.0275
0.3875,0.1325
0.3975,0.1375
0.4075,0.1425
0.4125,0.1475
0.4225,0.1525
0.4275,0.1575
0.4375,0.1625
0.4475,0.1675
0.4525,0.1725
0.4625,0.1775
0.4725,0.1825
0.4825,0.1875
0.4875,0.1975
