x,y
0.208514,0.00509658
0.215928,0.011826
0.223425,0.0181175
0.230982,0.0239955
0.238577,0.0294853
0.246191,0.0346134
0.251269,0.0394423
0.256341,0.044133
0.261404,0.0486982
0.268974,0.0529277
0.279009,0.0565813
0.281497,0.0610872
0.288944,0.0647631
0.291409,0.0692421
0.296318,0.0881662
0.296321,0.0831958
0.296324,0.0782254
0.296327,0.073255
0.3025,0.0675
0.3025,0.0725
0.3025,0.0775
0.3125,0.0825
0.3225,0.0875
0.3275,0.0925
0.3325,0.0975
0.3475,0.1025
0.3525,0.0125
0.3525,0.1075
0.3575,0.1125
0.3625,0.0175
0.3725,0.1175
0.3775,0.0225
0.3775,0.1225
0.3825,0.1275
0.3925,0.0275
0.3975,0.1325
0.4025,0.1375
0.4075,0.1425
0.4225,0.1475
0.4275,0.1525
0.4325,0.1575
0.4425,0.1625
0.4525,0.1675
0.4575,0.1725
0.4675,0.1775
0.4775,0.1825
0.4875,0.1975
