x,y
0.203631,0.00366931
0.213449,0.0112667
0.225936,0.0185083
0.233508,0.0242624
0.241113,0.0296339
0.24873,0.0346495
0.251269,0.0394423
0.258876,0.044031
0.266459,0.048336
0.274006,0.0523868
0.276506,0.0569191
0.283988,0.0607024
0.293878,0.0638248
0.296318,0.0881662
0.296321,0.0831958
0.296324,0.0782254
0.296327,0.073255
0.29633,0.0682846
0.3025,0.0625
0.3025,0.0675
0.3025,0.0725
0.3125,0.0775
0.3175,0.0825
0.3275,0.0875
0.3375,0.0925
0.3425,0.0975
0.3525,0.0125
0.3525,0.1025
0.3575,0.1075
0.3675,0.0175
0.3675,0.1125
0.3775,0.0225
0.3775,0.1175
0.3925,0.1225
0.3925,0.1275
0.3975,0.0275
0.4075,0.1325
0.4175,0.1375
0.4225,0.1425
0.4325,0.1475
0.4425,0.1525
0.4475,0.1575
0.4575,0.1625
0.4675,0.1675
0.4775,0.1725
0.4825,0.1775
0.4875,0.1975
