x,y
0.208514,0.00509658
0.218416,0.0123459
0.225936,0.0185083
0.233508,0.0242624
0.241113,0.0296339
0.24873,0.0346495
0.256344,0.0393371
0.263938,0.0437251
0.268981,0.0481057
0.276514,0.0520689
0.286481,0.0553862
0.288951,0.0598454
0.296321,0.0831958
0.296324,0.0782254
0.296327,0.073255
0.29633,0.0682846
0.296333,0.0633142
0.3025,0.0625
0.3025,0.0675
0.3075,0.0725
0.3175,0.0775
0.3275,0.0825
0.3375,0.0875
0.3475,0.0925
0.3525,0.0975
0.3575,0.0125
0.3625,0.1025
0.3725,0.0175
0.3725,0.1075
0.3775,0.1125
0.3875,0.0225
0.3875,0.1175
0.3975,0.1225
0.4125,0.1275
0.4175,0.1325
0.4275,0.1375
0.4375,0.1425
0.4425,0.1475
0.4525,0.1525
0.4625,0.1575
0.4725,0.1625
0.4825,0.1675
