x,y
0.206066,0.00440277
0.215928,0.011826
0.230974,0.0191735
0.233508,0.0242624
0.24619,0.0298196
0.24873,0.0346495
0.256344,0.0393371
0.263938,0.0437251
0.274014,0.047547
0.276514,0.0520689
0.283997,0.0558147
0.293883,0.058873
0.296321,0.0831958
0.296324,0.0782254
0.296327,0.073255
0.29633,0.0682846
0.296333,0.0633142
0.3025,0.0575
0.3025,0.0625
0.3025,0.0675
0.3125,0.0725
0.3225,0.0775
0.3275,0.0825
0.3375,0.0875
0.3525,0.0925
0.3575,0.0975
0.3625,0.0125
0.3675,0.1025
0.3725,0.0175
0.3775,0.1075
0.3825,0.1125
0.3875,0.0225
0.3925,0.1175
0.4075,0.1225
0.4175,0.1275
0.4225,0.1325
0.4325,0.1375
0.4425,0.1425
0.4525,0.1475
0.4625,0.1525
0.4725,0.1575
0.4825,0.1625
