x,y
0.203631,0.00366931
0.220913,0.0128264
0.228452,0.0188603
0.236038,0.0244913
0.24365,0.0297453
0.25127,0.0346495
0.25888,0.0392319
0.263938,0.0437251
0.274014,0.047547
0.276514,0.0520689
0.286481,0.0553862
0.293883,0.058873
0.296324,0.0782254
0.296327,0.073255
0.29633,0.0682846
0.296333,0.0633142
0.3025,0.0575
0.3025,0.0625
0.3025,0.0675
0.3125,0.0725
0.3225,0.0775
0.3375,0.0825
0.3425,0.0875
0.3525,0.0925
0.3625,0.0125
0.3625,0.0975
0.3675,0.1025
0.3775,0.0175
0.3775,0.1075
0.3925,0.0225
0.3925,0.1125
0.3975,0.1175
0.4075,0.1225
0.4175,0.1275
0.4325,0.1325
0.4375,0.1375
0.4475,0.1425
0.4575,0.1475
0.4675,0.1525
0.4775,0.1575
