x,y
0.208514,0.00509658
0.218416,0.0123459
0.230974,0.0191735
0.238572,0.0246821
0.24873,0.0298568
0.256347,0.0345412
0.263944,0.0389166
0.266465,0.0435213
0.274014,0.047547
0.281514,0.051339
0.288958,0.0549277
0.296324,0.0782254
0.296327,0.073255
0.29633,0.0682846
0.296333,0.0633142
0.296336,0.0583438
0.3025,0.0575
0.3025,0.0625
0.3125,0.0675
0.3225,0.0725
0.3275,0.0775
0.3375,0.0825
0.3475,0.0875
0.3625,0.0125
0.3625,0.0925
0.3675,0.0975
0.3775,0.0175
0.3775,0.1025
0.3875,0.1075
0.3925,0.0225
0.4025,0.1125
0.4075,0.1175
0.4175,0.1225
0.4275,0.1275
0.4425,0.1325
0.4475,0.1375
0.4575,0.1425
0.4675,0.1475
0.4775,0.1525
