x,y
0.203631,0.00366931
0.220913,0.0128264
0.228452,0.0188603
0.236038,0.0244913
0.24619,0.0298196
0.253809,0.0346134
0.261413,0.0390918
0.274014,0.047547
0.274022,0.0427072
0.284005,0.0509271
0.286481,0.0553862
0.296324,0.0782254
0.296327,0.073255
0.29633,0.0682846
0.296333,0.0633142
0.296336,0.0583438
0.3025,0.0525
0.3025,0.0575
0.3025,0.0625
0.3075,0.0675
0.3225,0.0725
0.3275,0.0775
0.3425,0.0825
0.3475,0.0875
0.3625,0.0125
0.3625,0.0925
0.3725,0.0975
0.3825,0.0175
0.3825,0.1025
0.3925,0.1075
0.3975,0.0225
0.4025,0.1125
0.4125,0.1175
0.4225,0.1225
0.4325,0.1275
0.4425,0.1325
0.4525,0.1375
0.4625,0.1425
0.4725,0.1475
