x,y
0.206066,0.00440277
0.215928,0.011826
0.230974,0.0191735
0.238572,0.0246821
0.24619,0.0298196
0.253809,0.0346134
0.261413,0.0390918
0.268989,0.0432837
0.279026,0.046858
0.281514,0.051339
0.291427,0.0544393
0.296324,0.0782254
0.296327,0.073255
0.29633,0.0682846
0.296333,0.0633142
0.296336,0.0583438
0.3025,0.0525
0.3025,0.0575
0.3025,0.0625
0.3125,0.0675
0.3225,0.0725
0.3325,0.0775
0.3425,0.0825
0.3525,0.0875
0.3625,0.0125
0.3625,0.0925
0.3775,0.0975
0.3825,0.0175
0.3825,0.1025
0.3925,0.0225
0.3925,0.1075
0.4025,0.1125
0.4175,0.1175
0.4275,0.1225
0.4325,0.1275
0.4475,0.1325
0.4575,0.1375
0.4675,0.1425
0.4775,0.1475
