x,y
0.208514,0.00509658
0.218416,0.0123459
0.233501,0.0194477
0.241109,0.0248348
0.24873,0.0298568
0.256347,0.0345412
0.266472,0.0387066
0.268989,0.0432837
0.279026,0.046858
0.288965,0.05001
0.291427,0.0544393
0.296327,0.073255
0.29633,0.0682846
0.296333,0.0633142
0.296336,0.0583438
0.3025,0.0525
0.3025,0.0575
0.3075,0.0625
0.3175,0.0675
0.3275,0.0725
0.3425,0.0775
0.3475,0.0825
0.3575,0.0875
0.3675,0.0125
0.3725,0.0925
0.3825,0.0175
0.3825,0.0975
0.3875,0.1025
0.3975,0.1075
0.4075,0.0225
0.4125,0.1125
0.4175,0.1175
0.4325,0.1225
0.4425,0.1275
0.4525,0.1325
0.4675,0.1375
0.4725,0.1425
