x,y
0.203631,0.00366931
0.215928,0.011826
0.230974,0.0191735
0.238572,0.0246821
0.24619,0.0298196
0.261418,0.0342886
0.263944,0.0389166
0.274022,0.0427072
0.276523,0.0472187
0.286489,0.050484
0.293887,0.0539211
0.296327,0.073255
0.29633,0.0682846
0.296333,0.0633142
0.296336,0.0583438
0.3025,0.0525
0.3025,0.0575
0.3075,0.0625
0.3175,0.0675
0.3325,0.0725
0.3425,0.0775
0.3475,0.0825
0.3575,0.0875
0.3675,0.0125
0.3725,0.0925
0.3825,0.0975
0.3875,0.0175
0.3975,0.1025
0.4025,0.1075
0.4125,0.1125
0.4225,0.1175
0.4325,0.1225
0.4475,0.1275
0.4575,0.1325
0.4725,0.1375
0.4825,0.1425
