x,y
0.206066,0.00440277
0.218416,0.0123459
0.233501,0.0194477
0.241109,0.0248348
0.24873,0.0298568
0.256347,0.0345412
0.263944,0.0389166
0.276532,0.0423685
0.279026,0.046858
0.288965,0.05001
0.291427,0.0544393
0.296327,0.073255
0.29633,0.0682846
0.296333,0.0633142
0.296336,0.0583438
0.3025,0.0525
0.3025,0.0575
0.3125,0.0625
0.3225,0.0675
0.3375,0.0725
0.3425,0.0775
0.3525,0.0825
0.3625,0.0875
0.3675,0.0125
0.3725,0.0925
0.3875,0.0175
0.3875,0.0975
0.3925,0.1025
0.4025,0.1075
0.4175,0.1125
0.4275,0.1175
0.4375,0.1225
0.4525,0.1275
0.4575,0.1325
0.4725,0.1375
