x,y
0.208514,0.00509658
0.225927,0.0136685
0.236033,0.0196828
0.241109,0.0248348
0.25127,0.0298568
0.258884,0.0344329
0.266472,0.0387066
0.274022,0.0427072
0.284013,0.0460394
0.286489,0.050484
0.296327,0.073255
0.29633,0.0682846
0.296333,0.0633142
0.296336,0.0583438
0.296339,0.0533734
0.3025,0.0525
0.3075,0.0575
0.3125,0.0625
0.3175,0.0675
0.3325,0.0725
0.3425,0.0775
0.3575,0.0825
0.3625,0.0875
0.3725,0.0125
0.3775,0.0925
0.3825,0.0975
0.3875,0.0175
0.3975,0.1025
0.4075,0.1075
0.4175,0.1125
0.4275,0.1175
0.4425,0.1225
0.4525,0.1275
0.4625,0.1325
0.4775,0.1375
