x,y
0.210972,0.00575056
0.225927,0.0136685
0.233501,0.0194477
0.241109,0.0248348
0.25127,0.0298568
0.258884,0.0344329
0.271516,0.0381819
0.274022,0.0427072
0.284013,0.0460394
0.286489,0.050484
0.296327,0.073255
0.29633,0.0682846
0.296333,0.0633142
0.296336,0.0583438
0.296339,0.0533734
0.3025,0.0475
0.3025,0.0525
0.3025,0.0575
0.3125,0.0625
0.3275,0.0675
0.3325,0.0725
0.3425,0.0775
0.3575,0.0825
0.3675,0.0875
0.3725,0.0125
0.3825,0.0175
0.3825,0.0925
0.3875,0.0975
0.3975,0.1025
0.4125,0.1075
0.4225,0.1125
0.4325,0.1175
0.4475,0.1225
0.4625,0.1275
0.4675,0.1325
0.4775,0.1375
