x,y
0.210972,0.00575056
0.223417,0.0132673
0.236033,0.0196828
0.241109,0.0248348
0.25381,0.0298196
0.261418,0.0342886
0.268996,0.0384616
0.276532,0.0423685
0.281523,0.0464648
0.288965,0.05001
0.296327,0.073255
0.29633,0.0682846
0.296333,0.0633142
0.296336,0.0583438
0.296339,0.0533734
0.3025,0.0525
0.3025,0.0575
0.3125,0.0625
0.3275,0.0675
0.3325,0.0725
0.3475,0.0775
0.3575,0.0825
0.3725,0.0875
0.3775,0.0125
0.3775,0.0925
0.3875,0.0175
0.3925,0.0975
0.4025,0.1025
0.4175,0.1075
0.4275,0.1125
0.4375,0.1175
0.4475,0.1225
0.4625,0.1275
0.4725,0.1325
0.4825,0.1375
