x,y
0.203631,0.00366931
0.218416,0.0123459
0.233501,0.0194477
0.241109,0.0248348
0.25127,0.0298568
0.258884,0.0344329
0.266472,0.0387066
0.279035,0.0419963
0.281523,0.0464648
0.291433,0.049505
0.296327,0.073255
0.29633,0.0682846
0.296333,0.0633142
0.296336,0.0583438
0.296339,0.0533734
0.3025,0.0475
0.3025,0.0525
0.3025,0.0575
0.3125,0.0625
0.3275,0.0675
0.3425,0.0725
0.3475,0.0775
0.3575,0.0825
0.3725,0.0125
0.3725,0.0875
0.3875,0.0175
0.3875,0.0925
0.3925,0.0975
0.4025,0.1025
0.4175,0.1075
0.4275,0.1125
0.4425,0.1175
0.4475,0.1225
0.4625,0.1275
0.4775,0.1325
