x,y
0.206066,0.00440277
0.220913,0.0128264
0.236033,0.0196828
0.243648,0.0249494
0.25381,0.0298196
0.266479,0.0338918
0.268996,0.0384616
0.276532,0.0423685
0.284013,0.0460394
0.293892,0.0489693
0.29633,0.0682846
0.296333,0.0633142
0.296336,0.0583438
0.296339,0.0533734
0.3025,0.0475
0.3025,0.0525
0.3125,0.0575
0.3275,0.0625
0.3325,0.0675
0.3425,0.0725
0.3575,0.0775
0.3725,0.0825
0.3775,0.0125
0.3775,0.0875
0.3925,0.0175
0.3925,0.0925
0.4125,0.0975
0.4175,0.1025
0.4275,0.1075
0.4425,0.1125
0.4575,0.1175
0.4675,0.1225
0.4775,0.1275
