x,y
0.208514,0.00509658
0.225927,0.0136685
0.238567,0.0198789
0.243648,0.0249494
0.25127,0.0298568
0.26395,0.0341082
0.274031,0.0378674
0.276532,0.0423685
0.286496,0.0455819
0.29633,0.0682846
0.296333,0.0633142
0.296336,0.0583438
0.296339,0.0533734
0.296342,0.048403
0.3025,0.0475
0.3025,0.0525
0.3175,0.0575
0.3325,0.0625
0.3325,0.0675
0.3475,0.0725
0.3625,0.0775
0.3725,0.0825
0.3775,0.0125
0.3875,0.0875
0.3975,0.0175
0.4025,0.0925
0.4075,0.0975
0.4225,0.1025
0.4325,0.1075
0.4475,0.1125
0.4575,0.1175
0.4725,0.1225
