x,y
0.206066,0.00440277
0.225927,0.0136685
0.236033,0.0196828
0.246188,0.0250258
0.25635,0.0297453
0.26395,0.0341082
0.271516,0.0381819
0.281532,0.0415907
0.291438,0.0445707
0.293892,0.0489693
0.29633,0.0682846
0.296333,0.0633142
0.296336,0.0583438
0.296339,0.0533734
0.3025,0.0425
0.3025,0.0475
0.3025,0.0525
0.3125,0.0575
0.3275,0.0625
0.3375,0.0675
0.3525,0.0725
0.3625,0.0775
0.3775,0.0825
0.3825,0.0125
0.3925,0.0875
0.4025,0.0175
0.4025,0.0925
0.4175,0.0975
0.4275,0.1025
0.4425,0.1075
0.4575,0.1125
0.4725,0.1175
0.4775,0.1225
