x,y
0.208514,0.00509658
0.225927,0.0136685
0.238567,0.0198789
0.248729,0.025064
0.258887,0.0296339
0.26395,0.0341082
0.274031,0.0378674
0.281532,0.0415907
0.291438,0.0445707
0.293892,0.0489693
0.29633,0.0682846
0.296333,0.0633142
0.296336,0.0583438
0.296339,0.0533734
0.3025,0.0425
0.3025,0.0475
0.3025,0.0525
0.3125,0.0575
0.3275,0.0625
0.3425,0.0675
0.3575,0.0725
0.3675,0.0775
0.3825,0.0125
0.3825,0.0825
0.3975,0.0875
0.3975,0.0925
0.4075,0.0175
0.4125,0.0975
0.4275,0.1025
0.4375,0.1075
0.4525,0.1125
0.4625,0.1175
0.4775,0.1225
