x,y
0.213441,0.00636453
0.228444,0.0140299
0.238567,0.0198789
0.246188,0.0250258
0.258887,0.0296339
0.261418,0.0342886
0.271516,0.0381819
0.284022,0.0411518
0.286496,0.0455819
0.29633,0.0682846
0.296333,0.0633142
0.296336,0.0583438
0.296339,0.0533734
0.296342,0.048403
0.3025,0.0425
0.3025,0.0475
0.3025,0.0525
0.3175,0.0575
0.3275,0.0625
0.3425,0.0675
0.3575,0.0725
0.3625,0.0775
0.3775,0.0825
0.3875,0.0125
0.3875,0.0875
0.4025,0.0925
0.4125,0.0175
0.4175,0.0975
0.4325,0.1025
0.4375,0.1075
0.4525,0.1125
0.4675,0.1175
0.4825,0.1225
