x,y
0.208514,0.00509658
0.223417,0.0132673
0.241105,0.0200358
0.248729,0.025064
0.261423,0.0294853
0.26395,0.0341082
0.27654,0.0375183
0.286504,0.0406797
0.288972,0.0450923
0.296333,0.0633142
0.296336,0.0583438
0.296339,0.0533734
0.296342,0.048403
0.3025,0.0425
0.3025,0.0475
0.3025,0.0525
0.3175,0.0575
0.3325,0.0625
0.3475,0.0675
0.3625,0.0725
0.3675,0.0775
0.3825,0.0825
0.3875,0.0125
0.3975,0.0875
0.4075,0.0175
0.4075,0.0925
0.4225,0.0975
0.4375,0.1025
0.4525,0.1075
0.4625,0.1125
0.4775,0.1175
