x,y
0.1925,0.0025
0.1925,0.0075
0.1925,0.0125
0.1925,0.0175
0.1925,0.0225
0.1925,0.0275
0.1925,0.0325
0.1925,0.0375
0.1925,0.0425
0.1925,0.0475
0.1975,0.1975
0.20122,0.0178184
0.201221,0.0228097
0.201222,0.027801
0.203674,0.0333619
0.206136,0.0388604
0.208608,0.044299
0.211088,0.0496802
0.213576,0.0550066
0.21607,0.0602808
0.221068,0.0658028
0.223577,0.0709457
0.226089,0.076046
0.228603,0.0811061
0.233632,0.0862777
0.236152,0.0912391
0.241187,0.0962481
0.243707,0.10113
0.248742,0.106005
0.253774,0.110809
0.256287,0.115598
0.261311,0.120317
0.266328,0.124992
0.26883,0.129739
0.273836,0.134377
0.278833,0.139001
0.283823,0.143622
0.288806,0.148251
0.293784,0.152898
0.296263,0.172642
0.296265,0.167667
0.296268,0.162693
0.29627,0.157719
0.298781,0.00783583
0.298781,0.0128271
0.3025,0.1525
0.3025,0.1575
0.3025,0.1625
0.3125,0.1675
0.3175,0.1725
0.3225,0.0125
0.3225,0.1775
0.3275,0.0175
0.3325,0.1825
0.3375,0.0225
0.3375,0.1875
0.3425,0.0275
0.3475,0.0325
0.3475,0.1925
0.3525,0.0375
0.3575,0.0425
0.3625,0.0475
0.3625,0.0525
0.3625,0.1975
0.3675,0.0575
0.3725,0.0625
0.3775,0.0675
0.3825,0.0725
0.3875,0.0775
0.3925,0.0825
0.3975,0.0875
