x,y
0.1925,0.0025
0.1925,0.0075
0.1925,0.0125
0.1925,0.0175
0.1925,0.0225
0.1925,0.0275
0.1925,0.0325
0.1925,0.0375
0.1925,0.0425
0.1925,0.0475
0.1975,0.1975
0.20122,0.0178184
0.201221,0.0228097
0.203671,0.0283876
0.206132,0.0339023
0.208603,0.0393561
0.211083,0.0447517
0.21357,0.0500916
0.216064,0.0553783
0.221062,0.0609229
0.22357,0.0660758
0.226082,0.071185
0.228597,0.0762533
0.233628,0.0814385
0.236147,0.0864053
0.241184,0.0914225
0.243704,0.0963066
0.248741,0.101185
0.251258,0.106005
0.256289,0.110775
0.261314,0.115487
0.263822,0.120242
0.268836,0.124894
0.273842,0.129516
0.276338,0.134255
0.281332,0.138866
0.286318,0.143477
0.291298,0.1481
0.296265,0.167667
0.296268,0.162693
0.29627,0.157719
0.296272,0.152745
0.298781,0.00783583
0.298781,0.0128271
0.3025,0.1475
0.3025,0.1525
0.3025,0.1575
0.3075,0.1625
0.3125,0.1675
0.3225,0.0125
0.3225,0.1725
0.3275,0.1775
0.3325,0.0175
0.3375,0.0225
0.3375,0.1825
0.3425,0.0275
0.3475,0.0325
0.3475,0.1875
0.3525,0.0375
0.3525,0.1925
0.3575,0.0425
0.3625,0.0475
0.3675,0.0525
0.3675,0.1975
0.3725,0.0575
0.3775,0.0625
0.3825,0.0675
0.3875,0.0725
0.3925,0.0775
0.3975,0.0825
0.4025,0.0875
