x,y
0.1925,0.0025
0.1925,0.0075
0.1925,0.0125
0.1925,0.0175
0.1925,0.0225
0.1925,0.0275
0.1925,0.0325
0.1925,0.0375
0.1925,0.0425
0.1975,0.1975
0.201219,0.0128271
0.20122,0.0178184
0.203669,0.0234133
0.206129,0.0289441
0.208599,0.0344132
0.211078,0.0398232
0.213564,0.0451765
0.216058,0.0504759
0.218557,0.0557238
0.223564,0.0612058
0.226076,0.0663241
0.228591,0.0714005
0.233623,0.0765992
0.236143,0.0815715
0.241181,0.0865968
0.243702,0.0914836
0.248741,0.096365
0.253776,0.101167
0.256291,0.105952
0.261318,0.110658
0.263827,0.115408
0.268842,0.120048
0.273848,0.124655
0.278846,0.129241
0.281339,0.133975
0.286324,0.138562
0.291302,0.143157
0.296265,0.167667
0.296268,0.162693
0.29627,0.157719
0.296272,0.152745
0.296274,0.14777
0.298781,0.00783583
0.3025,0.1475
0.3025,0.1525
0.3075,0.1575
0.3125,0.1625
0.3225,0.0125
0.3225,0.1675
0.3275,0.1725
0.3325,0.0175
0.3325,0.1775
0.3375,0.0225
0.3425,0.1825
0.3475,0.0275
0.3525,0.0325
0.3525,0.1875
0.3575,0.0375
0.3575,0.1925
0.3625,0.0425
0.3675,0.0475
0.3725,0.0525
0.3725,0.1975
0.3775,0.0575
0.3825,0.0625
0.3875,0.0675
0.3925,0.0725
0.3975,0.0775
0.4025,0.0825
