x,y
0.1925,0.0025
0.1925,0.0075
0.1925,0.0125
0.1925,0.0175
0.1925,0.0225
0.1925,0.0275
0.1925,0.0325
0.1975,0.1975
0.201219,0.00783583
0.201219,0.0128271
0.203667,0.0184391
0.206125,0.023986
0.208594,0.0294703
0.211072,0.0348946
0.213558,0.0402615
0.216051,0.0455735
0.221048,0.0511631
0.223557,0.0563358
0.22607,0.0614631
0.231098,0.0667466
0.233618,0.07176
0.236138,0.0767377
0.241178,0.0817711
0.24622,0.0867032
0.24874,0.0915448
0.251259,0.096365
0.256293,0.10113
0.258807,0.105899
0.263831,0.110574
0.268847,0.115202
0.271349,0.119929
0.278853,0.124362
0.283842,0.128915
0.28633,0.133647
0.291307,0.138214
0.296268,0.162693
0.29627,0.157719
0.296272,0.152745
0.296274,0.14777
0.296277,0.142796
0.3025,0.1375
0.3025,0.1425
0.3025,0.1475
0.3075,0.1525
0.3125,0.1575
0.3175,0.1625
0.3225,0.0125
0.3275,0.1675
0.3325,0.0175
0.3325,0.1725
0.3375,0.0225
0.3425,0.1775
0.3475,0.0275
0.3475,0.1825
0.3575,0.0325
0.3575,0.1875
0.3625,0.0375
0.3675,0.0425
0.3675,0.1925
0.3725,0.0475
0.3775,0.0525
0.3775,0.1975
0.3825,0.0575
0.3875,0.0625
0.3925,0.0675
0.3975,0.0725
0.4025,0.0775
