x,y
0.1925,0.0025
0.1925,0.0075
0.1925,0.0125
0.1925,0.0175
0.1925,0.0225
0.1925,0.0275
0.1975,0.1975
0.201219,0.00783583
0.201219,0.0128271
0.203667,0.0184391
0.20859,0.0245274
0.211067,0.0299661
0.213552,0.0353465
0.216045,0.040671
0.221042,0.0462832
0.223551,0.0514658
0.226064,0.0566022
0.231092,0.061901
0.233613,0.0669207
0.236134,0.0719039
0.241176,0.0769455
0.243698,0.0818377
0.24874,0.0867245
0.25126,0.0915448
0.256296,0.0963066
0.261325,0.101
0.263835,0.105741
0.268853,0.110357
0.271355,0.115076
0.276358,0.119645
0.281352,0.124194
0.288827,0.128537
0.291311,0.133271
0.29627,0.157719
0.296272,0.152745
0.296274,0.14777
0.296277,0.142796
0.296279,0.137822
0.3025,0.1375
0.3025,0.1425
0.3075,0.1475
0.3125,0.1525
0.3175,0.1575
0.3225,0.1625
0.3275,0.0125
0.3325,0.0175
0.3325,0.1675
0.3375,0.1725
0.3425,0.0225
0.3475,0.0275
0.3475,0.1775
0.3525,0.1825
0.3575,0.0325
0.3625,0.1875
0.3675,0.0375
0.3725,0.0425
0.3725,0.1925
0.3775,0.0475
0.3825,0.0525
0.3825,0.1975
0.3875,0.0575
0.3925,0.0625
0.4025,0.0675
0.4025,0.0725
0.4075,0.0775
