x,y
0.1975,0.1975
0.201219,0.00783583
0.203665,0.0134648
0.206122,0.0190278
0.20859,0.0245274
0.213547,0.0304314
0.216039,0.0357686
0.218538,0.0410517
0.223544,0.0465959
0.226057,0.0517413
0.228573,0.0568421
0.233608,0.0620815
0.23613,0.0670701
0.241173,0.0721198
0.243696,0.0770148
0.246219,0.0818821
0.25126,0.0867245
0.253779,0.0915244
0.258813,0.0962481
0.26384,0.100907
0.266348,0.105635
0.271361,0.110223
0.278866,0.114602
0.281358,0.119303
0.286342,0.123817
0.291316,0.128328
0.296272,0.152745
0.296274,0.14777
0.296277,0.142796
0.296279,0.137822
0.296281,0.132847
0.3025,0.1325
0.3025,0.1375
0.3025,0.1425
0.3075,0.1475
0.3175,0.1525
0.3225,0.1575
0.3275,0.0125
0.3275,0.1625
0.3325,0.0175
0.3375,0.1675
0.3425,0.0225
0.3425,0.1725
0.3475,0.0275
0.3475,0.1775
0.3575,0.0325
0.3575,0.1825
0.3675,0.1875
0.3725,0.0375
0.3775,0.0425
0.3775,0.1925
0.3825,0.0475
0.3875,0.0525
0.3875,0.1975
0.3925,0.0575
0.3975,0.0625
0.4025,0.0675
0.4075,0.0725
