x,y
0.201218,0.00284454
0.203662,0.00849051
0.206118,0.0140697
0.208585,0.0195845
0.211062,0.0250376
0.216032,0.0308662
0.218531,0.0361609
0.221035,0.0414033
0.226051,0.0468803
0.228567,0.0519893
0.233603,0.0572423
0.236125,0.0622363
0.24117,0.0672942
0.243694,0.0721918
0.248739,0.0770841
0.251261,0.0819043
0.2563,0.0866607
0.258816,0.0914225
0.263844,0.0960729
0.266353,0.100795
0.271367,0.10537
0.276371,0.109905
0.278866,0.114602
0.283854,0.11911
0.288833,0.123608
0.293801,0.128107
0.296274,0.14777
0.296277,0.142796
0.296279,0.137822
0.296281,0.132847
0.3025,0.1275
0.3025,0.1325
0.3025,0.1375
0.3075,0.1425
0.3125,0.1475
0.3225,0.1525
0.3275,0.0125
0.3275,0.1575
0.3325,0.0175
0.3325,0.1625
0.3425,0.0225
0.3425,0.1675
0.3475,0.1725
0.3525,0.0275
0.3575,0.0325
0.3575,0.1775
0.3625,0.1825
0.3675,0.0375
0.3725,0.1875
0.3825,0.0425
0.3825,0.1925
0.3875,0.0475
0.3925,0.0525
0.3975,0.0575
0.3975,0.1975
0.4025,0.0625
0.4125,0.0675
