x,y
0.206111,0.00415338
0.206115,0.00911153
0.208581,0.0146416
0.213535,0.0206014
0.216026,0.0259637
0.221022,0.0316435
0.223531,0.0368559
0.228555,0.0422837
0.231075,0.0473643
0.236117,0.0525686
0.238642,0.057536
0.24369,0.0625459
0.246215,0.0674187
0.251261,0.0722639
0.253783,0.077061
0.26134,0.0816824
0.263853,0.0864053
0.268875,0.0909745
0.273886,0.0954897
0.276384,0.100166
0.281378,0.104631
0.286359,0.109072
0.288843,0.113751
0.296279,0.137822
0.296281,0.132847
0.296283,0.127873
0.296286,0.122899
0.296288,0.117925
0.3025,0.1175
0.3025,0.1225
0.3025,0.1275
0.3075,0.1325
0.3125,0.1375
0.3175,0.1425
0.3275,0.0125
0.3275,0.1475
0.3325,0.1525
0.3375,0.0175
0.3375,0.1575
0.3475,0.0225
0.3475,0.1625
0.3525,0.0275
0.3525,0.1675
0.3575,0.1725
0.3625,0.0325
0.3675,0.1775
0.3725,0.0375
0.3725,0.1825
0.3825,0.1875
0.3875,0.0425
0.3975,0.0475
0.3975,0.1925
0.4025,0.0525
0.4075,0.0575
0.4075,0.1975
0.4175,0.0625
