x,y
0.206111,0.00415338
0.208576,0.00969874
0.211051,0.0151806
0.213535,0.0206014
0.218518,0.0263795
0.221022,0.0316435
0.226038,0.0371584
0.23107,0.0425187
0.233593,0.0475638
0.238638,0.0527067
0.241164,0.0576428
0.246213,0.0625976
0.248738,0.0674436
0.256306,0.0721918
0.258824,0.0769455
0.263857,0.0815715
0.26888,0.0861289
0.271385,0.0908118
0.276391,0.0952956
0.278886,0.0999621
0.283873,0.104403
0.288848,0.108822
0.291329,0.1135
0.296279,0.137822
0.296281,0.132847
0.296283,0.127873
0.296286,0.122899
0.296288,0.117925
0.3025,0.1175
0.3025,0.1225
0.3075,0.1275
0.3125,0.1325
0.3175,0.1375
0.3225,0.1425
0.3275,0.0125
0.3275,0.1475
0.3375,0.0175
0.3375,0.1525
0.3425,0.1575
0.3475,0.0225
0.3475,0.1625
0.3575,0.0275
0.3575,0.1675
0.3625,0.0325
0.3625,0.1725
0.3725,0.0375
0.3725,0.1775
0.3775,0.1825
0.3825,0.0425
0.3875,0.1875
0.3975,0.0475
0.4025,0.1925
0.4075,0.0525
0.4125,0.0575
0.4125,0.1975
