x,y
0.20366,0.00351623
0.208576,0.00969874
0.211051,0.0151806
0.21602,0.0210613
0.218518,0.0263795
0.223525,0.0319859
0.22855,0.0374309
0.23107,0.0425187
0.236112,0.0477348
0.241161,0.0528172
0.246212,0.0577765
0.248738,0.0626234
0.253785,0.0674187
0.256306,0.0721918
0.261344,0.0768531
0.266372,0.0814385
0.26888,0.0861289
0.276397,0.0904256
0.278892,0.0950822
0.283879,0.0995002
0.288854,0.103894
0.293815,0.108274
0.296281,0.132847
0.296283,0.127873
0.296286,0.122899
0.296288,0.117925
0.29629,0.11295
0.3025,0.1125
0.3025,0.1175
0.3075,0.1225
0.3125,0.1275
0.3175,0.1325
0.3225,0.1375
0.3275,0.0125
0.3275,0.1425
0.3325,0.1475
0.3375,0.0175
0.3425,0.1525
0.3475,0.0225
0.3475,0.1575
0.3525,0.1625
0.3575,0.0275
0.3625,0.1675
0.3675,0.0325
0.3675,0.1725
0.3775,0.0375
0.3775,0.1775
0.3875,0.0425
0.3875,0.1825
0.3925,0.1875
0.3975,0.0475
0.4025,0.1925
0.4175,0.1975
