x,y
0.20366,0.00351623
0.208576,0.00969874
0.213529,0.0156863
0.21602,0.0210613
0.221015,0.0267636
0.226032,0.0322975
0.22855,0.0374309
0.236108,0.042901
0.238634,0.0478774
0.243685,0.0529001
0.248737,0.0578032
0.251262,0.0626234
0.25883,0.0672942
0.261347,0.0720238
0.266377,0.0765992
0.268886,0.0812833
0.273899,0.0857678
0.278899,0.0902023
0.281391,0.0948496
0.286371,0.0992419
0.291338,0.103614
0.296283,0.127873
0.296286,0.122899
0.296288,0.117925
0.29629,0.11295
0.296293,0.107976
0.3025,0.1075
0.3025,0.1125
0.3025,0.1175
0.3075,0.1225
0.3175,0.1275
0.3225,0.1325
0.3275,0.1375
0.3325,0.0125
0.3325,0.1425
0.3375,0.1475
0.3425,0.0175
0.3475,0.0225
0.3475,0.1525
0.3525,0.1575
0.3575,0.0275
0.3575,0.1625
0.3675,0.0325
0.3675,0.1675
0.3725,0.1725
0.3775,0.0375
0.3825,0.1775
0.3875,0.0425
0.3925,0.1825
0.3975,0.0475
0.3975,0.1875
0.4075,0.1925
0.4225,0.1975
