x,y
0.20366,0.00351623
0.208576,0.00969874
0.213529,0.0156863
0.218511,0.0214888
0.223518,0.027116
0.226032,0.0322975
0.231064,0.0376732
0.238631,0.0430481
0.241158,0.0479915
0.246211,0.0529553
0.251263,0.0578032
0.253787,0.0625976
0.261351,0.0671945
0.263866,0.0719039
0.268891,0.0764378
0.271397,0.0811061
0.276404,0.0855556
0.281397,0.0899588
0.288859,0.0989654
0.288864,0.0940369
0.296286,0.122899
0.296288,0.117925
0.29629,0.11295
0.296293,0.107976
0.296295,0.103002
0.3025,0.1025
0.3025,0.1075
0.3025,0.1125
0.3075,0.1175
0.3125,0.1225
0.3225,0.1275
0.3275,0.1325
0.3325,0.0125
0.3325,0.1375
0.3375,0.1425
0.3425,0.0175
0.3475,0.0225
0.3475,0.1475
0.3525,0.1525
0.3575,0.0275
0.3575,0.1575
0.3675,0.1625
0.3725,0.0325
0.3725,0.1675
0.3775,0.0375
0.3825,0.1725
0.3875,0.1775
0.3925,0.0425
0.3975,0.1825
0.4075,0.1875
0.4125,0.1925
0.4275,0.1975
