x,y
0.20366,0.00351623
0.208576,0.00969874
0.216014,0.0161589
0.221009,0.0218837
0.223518,0.027116
0.231059,0.0328276
0.233583,0.0378853
0.241155,0.0431658
0.243683,0.0480771
0.248737,0.052983
0.256312,0.057723
0.258833,0.0624685
0.26387,0.0670701
0.271403,0.0762533
0.271409,0.0714005
0.278912,0.0804425
0.283898,0.0847929
0.286383,0.0894118
0.291347,0.0937279
0.296288,0.117925
0.29629,0.11295
0.296293,0.107976
0.296295,0.103002
0.296297,0.0980275
0.3025,0.0975
0.3025,0.1025
0.3075,0.1075
0.3125,0.1125
0.3175,0.1175
0.3225,0.1225
0.3275,0.1275
0.3325,0.0125
0.3375,0.1325
0.3425,0.0175
0.3425,0.1375
0.3475,0.1425
0.3525,0.0225
0.3575,0.1475
0.3625,0.0275
0.3625,0.1525
0.3675,0.1575
0.3725,0.0325
0.3725,0.1625
0.3825,0.0375
0.3825,0.1675
0.3925,0.0425
0.3925,0.1725
0.3975,0.1775
0.4075,0.1825
0.4175,0.1875
0.4225,0.1925
0.4375,0.1975
