x,y
0.206111,0.00415338
0.213523,0.0107713
0.216014,0.0161589
0.223512,0.022246
0.228538,0.0277252
0.231059,0.0328276
0.238627,0.0382188
0.246208,0.0433131
0.248736,0.0481627
0.256315,0.0529001
0.258836,0.0576428
0.263875,0.0622363
0.271415,0.0665477
0.273918,0.071185
0.281417,0.0752867
0.283905,0.0798905
0.291356,0.0838421
0.296293,0.107976
0.296295,0.103002
0.296297,0.0980275
0.296299,0.0930532
0.296302,0.088079
0.3025,0.0875
0.3025,0.0925
0.3075,0.0975
0.3125,0.1025
0.3175,0.1075
0.3225,0.1125
0.3325,0.1175
0.3375,0.0125
0.3375,0.1225
0.3425,0.0175
0.3425,0.1275
0.3475,0.1325
0.3575,0.0225
0.3575,0.1375
0.3625,0.1425
0.3675,0.0275
0.3675,0.1475
0.3775,0.0325
0.3775,0.1525
0.3825,0.1575
0.3875,0.0375
0.3925,0.1625
0.3975,0.1675
0.4075,0.1725
0.4125,0.1775
0.4225,0.1825
0.4325,0.1875
0.4425,0.1925
0.4575,0.1975
