x,y
0.20366,0.00351623
0.211046,0.010252
0.218505,0.0165981
0.223512,0.022246
0.228538,0.0277252
0.233578,0.033046
0.241152,0.0383402
0.243681,0.0432542
0.251264,0.0481627
0.258839,0.0528172
0.261358,0.057536
0.268908,0.061901
0.273924,0.0663241
0.276423,0.0709457
0.281417,0.0752867
0.28888,0.0792513
0.293833,0.0834837
0.296293,0.107976
0.296295,0.103002
0.296297,0.0980275
0.296299,0.0930532
0.296302,0.088079
0.3025,0.0825
0.3025,0.0875
0.3025,0.0925
0.3075,0.0975
0.3175,0.1025
0.3225,0.1075
0.3275,0.1125
0.3325,0.1175
0.3375,0.0125
0.3425,0.1225
0.3475,0.0175
0.3475,0.1275
0.3575,0.0225
0.3575,0.1325
0.3625,0.1375
0.3675,0.0275
0.3675,0.1425
0.3725,0.1475
0.3775,0.0325
0.3825,0.1525
0.3875,0.0375
0.3875,0.1575
0.3975,0.1625
0.4025,0.1675
0.4125,0.1725
0.4225,0.1775
0.4275,0.1825
0.4375,0.1875
0.4475,0.1925
0.4575,0.1975
