x,y
0.20366,0.00351623
0.211046,0.010252
0.218505,0.0165981
0.223512,0.022246
0.231053,0.027982
0.238623,0.0333896
0.241152,0.0383402
0.248736,0.0433425
0.256317,0.0480771
0.258839,0.0528172
0.263879,0.0574024
0.271421,0.0616949
0.273924,0.0663241
0.281423,0.070396
0.286401,0.0746667
0.291361,0.0788993
0.296295,0.103002
0.296297,0.0980275
0.296299,0.0930532
0.296302,0.088079
0.296304,0.0831047
0.3025,0.0825
0.3025,0.0875
0.3075,0.0925
0.3125,0.0975
0.3225,0.1025
0.3275,0.1075
0.3325,0.1125
0.3375,0.0125
0.3375,0.1175
0.3475,0.0175
0.3475,0.1225
0.3525,0.1275
0.3575,0.0225
0.3575,0.1325
0.3675,0.1375
0.3725,0.0275
0.3725,0.1425
0.3825,0.0325
0.3825,0.1475
0.3875,0.0375
0.3875,0.1525
0.3925,0.1575
0.4025,0.1625
0.4075,0.1675
0.4175,0.1725
0.4225,0.1775
0.4325,0.1825
0.4425,0.1875
0.4525,0.1925
0.4675,0.1975
