x,y
0.20366,0.00351623
0.211046,0.010252
0.218505,0.0165981
0.226019,0.0225756
0.233573,0.0282068
0.238623,0.0333896
0.246207,0.0384919
0.248736,0.0433425
0.256317,0.0480771
0.263883,0.0525686
0.266397,0.0572423
0.271421,0.0616949
0.278932,0.0658028
0.286406,0.0697517
0.288885,0.0743228
0.296297,0.0980275
0.296299,0.0930532
0.296302,0.088079
0.296304,0.0831047
0.296306,0.0781304
0.3025,0.0775
0.3025,0.0825
0.3025,0.0875
0.3125,0.0925
0.3225,0.0975
0.3275,0.1025
0.3325,0.1075
0.3375,0.1125
0.3425,0.0125
0.3475,0.1175
0.3525,0.0175
0.3525,0.1225
0.3625,0.0225
0.3625,0.1275
0.3725,0.0275
0.3725,0.1325
0.3725,0.1375
0.3825,0.1425
0.3875,0.0325
0.3875,0.1475
0.3975,0.1525
0.4075,0.1575
0.4125,0.1625
0.4175,0.1675
0.4275,0.1725
0.4375,0.1775
0.4425,0.1825
0.4525,0.1875
0.4625,0.1925
0.4775,0.1975
