x,y
0.206111,0.00415338
0.213523,0.0107713
0.221002,0.0170038
0.228532,0.0228724
0.231053,0.027982
0.238623,0.0333896
0.243679,0.0384312
0.251264,0.0433425
0.258842,0.0479915
0.261362,0.0527067
0.268913,0.0570555
0.276436,0.0612058
0.278932,0.0658028
0.283917,0.0700856
0.291365,0.0739564
0.296297,0.0980275
0.296299,0.0930532
0.296302,0.088079
0.296304,0.0831047
0.296306,0.0781304
0.3025,0.0775
0.3025,0.0825
0.3075,0.0875
0.3175,0.0925
0.3225,0.0975
0.3275,0.1025
0.3375,0.1075
0.3425,0.0125
0.3475,0.1125
0.3525,0.0175
0.3525,0.1175
0.3575,0.1225
0.3625,0.1275
0.3675,0.0225
0.3725,0.0275
0.3725,0.1325
0.3825,0.1375
0.3875,0.0325
0.3875,0.1425
0.3975,0.1475
0.4025,0.1525
0.4075,0.1575
0.4175,0.1625
0.4225,0.1675
0.4325,0.1725
0.4425,0.1775
0.4525,0.1825
0.4575,0.1875
0.4725,0.1925
0.4825,0.1975
