x,y
0.206111,0.00415338
0.216007,0.0112564
0.221002,0.0170038
0.228532,0.0228724
0.236095,0.0283996
0.243677,0.0336083
0.246207,0.0384919
0.253792,0.0433131
0.258842,0.0479915
0.266402,0.052403
0.268913,0.0570555
0.276436,0.0612058
0.283923,0.0651832
0.29137,0.0690135
0.296299,0.0930532
0.296302,0.088079
0.296304,0.0831047
0.296306,0.0781304
0.296308,0.0731561
0.3025,0.0725
0.3025,0.0775
0.3075,0.0825
0.3125,0.0875
0.3225,0.0925
0.3275,0.0975
0.3375,0.1025
0.3425,0.0125
0.3425,0.1075
0.3525,0.0175
0.3525,0.1125
0.3625,0.1175
0.3675,0.0225
0.3675,0.1225
0.3725,0.1275
0.3775,0.0275
0.3825,0.1325
0.3875,0.1375
0.3975,0.1425
0.4025,0.1475
0.4125,0.1525
0.4175,0.1575
0.4275,0.1625
0.4375,0.1675
0.4425,0.1725
0.4525,0.1775
0.4625,0.1825
0.4675,0.1875
0.4825,0.1925
0.4875,0.1975
