x,y
0.208572,0.00475585
0.216007,0.0112564
0.223505,0.017376
0.231048,0.0231364
0.23862,0.0285603
0.246206,0.0336708
0.248736,0.0385223
0.253792,0.0433131
0.261366,0.0478774
0.268919,0.0522099
0.271427,0.0568421
0.281436,0.0606145
0.288896,0.0644658
0.29137,0.0690135
0.296302,0.088079
0.296304,0.0831047
0.296306,0.0781304
0.296308,0.0731561
0.3025,0.0675
0.3025,0.0725
0.3025,0.0775
0.3125,0.0825
0.3225,0.0875
0.3275,0.0925
0.3325,0.0975
0.3475,0.0125
0.3475,0.1025
0.3475,0.1075
0.3575,0.0175
0.3575,0.1125
0.3675,0.1175
0.3725,0.0225
0.3725,0.1225
0.3825,0.0275
0.3825,0.1275
0.3925,0.1325
0.3975,0.1375
0.4075,0.1425
0.4175,0.1475
0.4225,0.1525
0.4275,0.1575
0.4375,0.1625
0.4475,0.1675
0.4525,0.1725
0.4675,0.1775
0.4725,0.1825
0.4825,0.1875
0.4875,0.1975
