x,y
0.20366,0.00351623
0.213523,0.0107713
0.226013,0.0177147
0.228532,0.0228724
0.236095,0.0283996
0.243677,0.0336083
0.251264,0.0385223
0.258845,0.0431658
0.266407,0.0475638
0.268919,0.0522099
0.276443,0.0563358
0.28393,0.0602808
0.291374,0.0640706
0.293843,0.0686093
0.296302,0.088079
0.296304,0.0831047
0.296306,0.0781304
0.296308,0.0731561
0.3025,0.0675
0.3025,0.0725
0.3075,0.0775
0.3175,0.0825
0.3225,0.0875
0.3275,0.0925
0.3375,0.0975
0.3425,0.1025
0.3475,0.0125
0.3525,0.1075
0.3625,0.0175
0.3625,0.1125
0.3675,0.0225
0.3675,0.1175
0.3775,0.1225
0.3825,0.0275
0.3875,0.1275
0.3925,0.1325
0.4025,0.1375
0.4075,0.1425
0.4175,0.1475
0.4275,0.1525
0.4325,0.1575
0.4425,0.1625
0.4525,0.1675
0.4625,0.1725
0.4675,0.1775
0.4775,0.1825
0.4875,0.1975
