x,y
0.208572,0.00475585
0.216007,0.0112564
0.223505,0.017376
0.231048,0.0231364
0.23862,0.0285603
0.246206,0.0336708
0.253793,0.0384919
0.261369,0.0430481
0.263888,0.0477348
0.268919,0.0522099
0.276443,0.0563358
0.28393,0.0602808
0.291374,0.0640706
0.296302,0.088079
0.296304,0.0831047
0.296306,0.0781304
0.296308,0.0731561
0.296311,0.0681819
0.3025,0.0625
0.3025,0.0675
0.3025,0.0725
0.3075,0.0775
0.3175,0.0825
0.3225,0.0875
0.3325,0.0925
0.3425,0.0975
0.3475,0.0125
0.3475,0.1025
0.3575,0.0175
0.3575,0.1075
0.3675,0.1125
0.3725,0.0225
0.3725,0.1175
0.3825,0.1225
0.3875,0.1275
0.3975,0.1325
0.4075,0.1375
0.4125,0.1425
0.4225,0.1475
0.4325,0.1525
0.4375,0.1575
0.4475,0.1625
0.4575,0.1675
0.4625,0.1725
0.4725,0.1775
0.4825,0.1825
0.4875,0.1975
