x,y
0.206111,0.00415338
0.216007,0.0112564
0.223505,0.017376
0.231048,0.0231364
0.23862,0.0285603
0.243677,0.0336083
0.251264,0.0385223
0.258845,0.0431658
0.266407,0.0475638
0.273943,0.0517413
0.276443,0.0563358
0.286418,0.0599216
0.288896,0.0644658
0.296302,0.088079
0.296304,0.0831047
0.296306,0.0781304
0.296308,0.0731561
0.296311,0.0681819
0.3025,0.0625
0.3025,0.0675
0.3025,0.0725
0.3125,0.0775
0.3175,0.0825
0.3275,0.0875
0.3325,0.0925
0.3475,0.0125
0.3475,0.0975
0.3525,0.1025
0.3575,0.1075
0.3625,0.0175
0.3725,0.0225
0.3725,0.1125
0.3775,0.1175
0.3875,0.1225
0.3975,0.1275
0.4025,0.1325
0.4125,0.1375
0.4225,0.1425
0.4275,0.1475
0.4375,0.1525
0.4475,0.1575
0.4525,0.1625
0.4625,0.1675
0.4725,0.1725
0.4825,0.1775
0.4875,0.1975
