x,y
0.20366,0.00351623
0.218498,0.0117073
0.226013,0.0177147
0.233568,0.0233676
0.241146,0.0286889
0.248735,0.033702
0.256321,0.0384312
0.263892,0.042901
0.266407,0.0475638
0.276449,0.0514658
0.278945,0.056043
0.286418,0.0599216
0.293847,0.0636511
0.296304,0.0831047
0.296306,0.0781304
0.296308,0.0731561
0.296311,0.0681819
0.3025,0.0625
0.3025,0.0675
0.3075,0.0725
0.3125,0.0775
0.3225,0.0825
0.3325,0.0875
0.3375,0.0925
0.3475,0.0975
0.3525,0.0125
0.3575,0.1025
0.3625,0.0175
0.3625,0.1075
0.3725,0.1125
0.3775,0.0225
0.3825,0.1175
0.3875,0.1225
0.3975,0.1275
0.4075,0.1325
0.4125,0.1375
0.4225,0.1425
0.4325,0.1475
0.4425,0.1525
0.4525,0.1575
0.4625,0.1625
0.4675,0.1675
0.4775,0.1725
0.4875,0.1975
