x,y
0.208572,0.00475585
0.216007,0.0112564
0.226013,0.0177147
0.233568,0.0233676
0.241146,0.0286889
0.246206,0.0336708
0.253793,0.0384919
0.261369,0.0430481
0.268925,0.0473643
0.276449,0.0514658
0.278945,0.056043
0.286418,0.0599216
0.296304,0.0831047
0.296306,0.0781304
0.296308,0.0731561
0.296311,0.0681819
0.296313,0.0632076
0.3025,0.0625
0.3025,0.0675
0.3075,0.0725
0.3175,0.0775
0.3275,0.0825
0.3375,0.0875
0.3425,0.0925
0.3525,0.0125
0.3525,0.0975
0.3625,0.0175
0.3625,0.1025
0.3675,0.1075
0.3775,0.0225
0.3775,0.1125
0.3875,0.1175
0.3975,0.1225
0.4025,0.1275
0.4175,0.1325
0.4275,0.1375
0.4325,0.1425
0.4425,0.1475
0.4525,0.1525
0.4575,0.1575
0.4675,0.1625
0.4775,0.1675
