x,y
0.206111,0.00415338
0.216007,0.0112564
0.228526,0.0180196
0.231048,0.0231364
0.23862,0.0285603
0.246206,0.0336708
0.253793,0.0384919
0.261369,0.0430481
0.271439,0.0471365
0.278952,0.0511631
0.281443,0.0557238
0.291379,0.0591277
0.296304,0.0831047
0.296306,0.0781304
0.296308,0.0731561
0.296311,0.0681819
0.296313,0.0632076
0.3025,0.0575
0.3025,0.0625
0.3025,0.0675
0.3125,0.0725
0.3225,0.0775
0.3275,0.0825
0.3375,0.0875
0.3425,0.0925
0.3525,0.0125
0.3525,0.0975
0.3625,0.1025
0.3675,0.0175
0.3725,0.1075
0.3775,0.0225
0.3825,0.1125
0.3925,0.1175
0.4025,0.1225
0.4075,0.1275
0.4175,0.1325
0.4325,0.1375
0.4375,0.1425
0.4475,0.1475
0.4575,0.1525
0.4625,0.1575
0.4725,0.1625
0.4825,0.1675
