x,y
0.206111,0.00415338
0.216007,0.0112564
0.228526,0.0180196
0.23609,0.0235658
0.243675,0.0287853
0.251265,0.033702
0.258848,0.0383402
0.26893,0.0425187
0.271439,0.0471365
0.278952,0.0511631
0.286424,0.0550066
0.296306,0.0781304
0.296308,0.0731561
0.296311,0.0681819
0.296313,0.0632076
0.296315,0.0582333
0.3025,0.0575
0.3025,0.0625
0.3075,0.0675
0.3175,0.0725
0.3275,0.0775
0.3325,0.0825
0.3425,0.0875
0.3525,0.0925
0.3575,0.0125
0.3575,0.0975
0.3675,0.0175
0.3675,0.1025
0.3825,0.0225
0.3825,0.1075
0.3875,0.1125
0.3975,0.1175
0.4075,0.1225
0.4225,0.1275
0.4275,0.1325
0.4375,0.1375
0.4475,0.1425
0.4575,0.1475
0.4675,0.1525
0.4775,0.1575
0.4825,0.1625
