x,y
0.208572,0.00475585
0.218498,0.0117073
0.226013,0.0177147
0.233568,0.0233676
0.241146,0.0286889
0.248735,0.033702
0.256321,0.0384312
0.263892,0.042901
0.273949,0.0468803
0.281449,0.0508331
0.288907,0.0546087
0.291379,0.0591277
0.296306,0.0781304
0.296308,0.0731561
0.296311,0.0681819
0.296313,0.0632076
0.3025,0.0575
0.3025,0.0625
0.3075,0.0675
0.3225,0.0725
0.3225,0.0775
0.3375,0.0825
0.3475,0.0875
0.3525,0.0925
0.3575,0.0125
0.3625,0.0975
0.3675,0.0175
0.3725,0.1025
0.3875,0.0225
0.3875,0.1075
0.3925,0.1125
0.4025,0.1175
0.4125,0.1225
0.4225,0.1275
0.4325,0.1325
0.4375,0.1375
0.4475,0.1425
0.4575,0.1475
0.4725,0.1525
0.4775,0.1575
