x,y
0.20366,0.00351623
0.220996,0.0121239
0.228526,0.0180196
0.23609,0.0235658
0.243675,0.0287853
0.251265,0.033702
0.258848,0.0383402
0.266412,0.0427245
0.273949,0.0468803
0.278952,0.0511631
0.288907,0.0546087
0.296306,0.0781304
0.296308,0.0731561
0.296311,0.0681819
0.296313,0.0632076
0.296315,0.0582333
0.3025,0.0575
0.3025,0.0625
0.3075,0.0675
0.3175,0.0725
0.3325,0.0775
0.3375,0.0825
0.3475,0.0875
0.3575,0.0125
0.3575,0.0925
0.3625,0.0975
0.3725,0.0175
0.3725,0.1025
0.3875,0.0225
0.3875,0.1075
0.3975,0.1125
0.4025,0.1175
0.4125,0.1225
0.4275,0.1275
0.4375,0.1325
0.4475,0.1375
0.4525,0.1425
0.4625,0.1475
0.4725,0.1525
0.4825,0.1575
