x,y
0.208572,0.00475585
0.218498,0.0117073
0.228526,0.0180196
0.23609,0.0235658
0.243675,0.0287853
0.251265,0.033702
0.258848,0.0383402
0.26893,0.0425187
0.278958,0.0462832
0.281449,0.0508331
0.291383,0.0541848
0.29385,0.058693
0.296306,0.0781304
0.296308,0.0731561
0.296311,0.0681819
0.296313,0.0632076
0.3025,0.0525
0.3025,0.0575
0.3025,0.0625
0.3125,0.0675
0.3225,0.0725
0.3275,0.0775
0.3375,0.0825
0.3525,0.0875
0.3575,0.0125
0.3575,0.0925
0.3675,0.0975
0.3725,0.0175
0.3775,0.1025
0.3825,0.0225
0.3925,0.1075
0.3975,0.1125
0.4075,0.1175
0.4175,0.1225
0.4275,0.1275
0.4425,0.1325
0.4475,0.1375
0.4575,0.1425
0.4675,0.1475
0.4775,0.1525
