x,y
0.208572,0.00475585
0.218498,0.0117073
0.233563,0.0185283
0.23609,0.0235658
0.248735,0.0288818
0.256323,0.0336083
0.263896,0.0380672
0.271445,0.0422837
0.273949,0.0468803
0.281449,0.0508331
0.293854,0.0537348
0.296308,0.0731561
0.296311,0.0681819
0.296313,0.0632076
0.296315,0.0582333
0.3025,0.0525
0.3025,0.0575
0.3025,0.0625
0.3125,0.0675
0.3275,0.0725
0.3375,0.0775
0.3425,0.0825
0.3525,0.0875
0.3625,0.0125
0.3675,0.0925
0.3725,0.0975
0.3775,0.0175
0.3825,0.1025
0.3875,0.0225
0.3925,0.1075
0.4075,0.1125
0.4125,0.1175
0.4225,0.1225
0.4325,0.1275
0.4475,0.1325
0.4575,0.1375
0.4675,0.1425
0.4775,0.1475
