x,y
0.20366,0.00351623
0.220996,0.0121239
0.228526,0.0180196
0.23609,0.0235658
0.246204,0.0288497
0.253794,0.0336708
0.261373,0.0382188
0.271445,0.0422837
0.281456,0.0459424
0.283942,0.0504759
0.291383,0.0541848
0.296308,0.0731561
0.296311,0.0681819
0.296313,0.0632076
0.296315,0.0582333
0.3025,0.0525
0.3025,0.0575
0.3075,0.0625
0.3175,0.0675
0.3325,0.0725
0.3375,0.0775
0.3475,0.0825
0.3575,0.0875
0.3625,0.0125
0.3725,0.0925
0.3775,0.0175
0.3775,0.0975
0.3875,0.1025
0.3925,0.0225
0.3975,0.1075
0.4075,0.1125
0.4225,0.1175
0.4275,0.1225
0.4375,0.1275
0.4525,0.1325
0.4575,0.1375
0.4675,0.1425
0.4825,0.1475
