x,y
0.206111,0.00415338
0.218498,0.0117073
0.233563,0.0185283
0.241144,0.0238632
0.248735,0.0288818
0.256323,0.0336083
0.263896,0.0380672
0.273955,0.0420194
0.281456,0.0459424
0.28643,0.0500916
0.291383,0.0541848
0.296308,0.0731561
0.296311,0.0681819
0.296313,0.0632076
0.296315,0.0582333
0.3025,0.0525
0.3025,0.0575
0.3075,0.0625
0.3175,0.0675
0.3275,0.0725
0.3425,0.0775
0.3475,0.0825
0.3575,0.0875
0.3675,0.0125
0.3675,0.0925
0.3775,0.0175
0.3775,0.0975
0.3925,0.1025
0.3975,0.0225
0.4075,0.1075
0.4175,0.1125
0.4225,0.1175
0.4325,0.1225
0.4425,0.1275
0.4525,0.1325
0.4675,0.1375
0.4775,0.1425
