x,y
0.206111,0.00415338
0.218498,0.0117073
0.233563,0.0185283
0.241144,0.0238632
0.248735,0.0288818
0.256323,0.0336083
0.266417,0.0378853
0.273955,0.0420194
0.281456,0.0459424
0.288912,0.0496802
0.293854,0.0537348
0.296308,0.0731561
0.296311,0.0681819
0.296313,0.0632076
0.296315,0.0582333
0.3025,0.0525
0.3025,0.0575
0.3125,0.0625
0.3275,0.0675
0.3325,0.0725
0.3425,0.0775
0.3525,0.0825
0.3625,0.0125
0.3675,0.0875
0.3775,0.0925
0.3825,0.0175
0.3825,0.0975
0.3925,0.1025
0.4075,0.1075
0.4175,0.1125
0.4275,0.1175
0.4425,0.1225
0.4575,0.1275
0.4625,0.1325
0.4725,0.1375
