x,y
0.20366,0.00351623
0.223499,0.0125061
0.231042,0.0182909
0.238616,0.023731
0.253796,0.0288497
0.261377,0.0333896
0.268936,0.0376732
0.271445,0.0422837
0.278958,0.0462832
0.28643,0.0500916
0.296308,0.0731561
0.296311,0.0681819
0.296313,0.0632076
0.296315,0.0582333
0.296317,0.053259
0.3025,0.0475
0.3025,0.0525
0.3025,0.0575
0.3125,0.0625
0.3275,0.0675
0.3325,0.0725
0.3425,0.0775
0.3575,0.0825
0.3675,0.0125
0.3675,0.0875
0.3825,0.0175
0.3825,0.0925
0.3875,0.0975
0.3975,0.1025
0.4125,0.1075
0.4225,0.1125
0.4375,0.1175
0.4425,0.1225
0.4525,0.1275
0.4675,0.1325
0.4775,0.1375
