x,y
0.20366,0.00351623
0.218498,0.0117073
0.233563,0.0185283
0.241144,0.0238632
0.251265,0.0288818
0.258851,0.0335145
0.266417,0.0378853
0.273955,0.0420194
0.283949,0.0455735
0.288912,0.0496802
0.296308,0.0731561
0.296311,0.0681819
0.296313,0.0632076
0.296315,0.0582333
0.296317,0.053259
0.3025,0.0525
0.3025,0.0575
0.3125,0.0625
0.3275,0.0675
0.3325,0.0725
0.3475,0.0775
0.3575,0.0825
0.3675,0.0125
0.3675,0.0875
0.3825,0.0925
0.3875,0.0175
0.3875,0.0975
0.4025,0.1025
0.4125,0.1075
0.4225,0.1125
0.4375,0.1175
0.4475,0.1225
0.4625,0.1275
0.4725,0.1325
0.4875,0.1375
