x,y
0.206111,0.00415338
0.220996,0.0121239
0.236086,0.0187319
0.243673,0.0239624
0.251265,0.0288818
0.258851,0.0335145
0.268936,0.0376732
0.276462,0.0417259
0.286436,0.0451765
0.291388,0.0492419
0.296311,0.0681819
0.296313,0.0632076
0.296315,0.0582333
0.296317,0.053259
0.3025,0.0475
0.3025,0.0525
0.3025,0.0575
0.3175,0.0625
0.3275,0.0675
0.3425,0.0725
0.3475,0.0775
0.3575,0.0825
0.3725,0.0125
0.3725,0.0875
0.3825,0.0175
0.3825,0.0925
0.3975,0.0975
0.4025,0.1025
0.4125,0.1075
0.4275,0.1125
0.4375,0.1175
0.4475,0.1225
0.4625,0.1275
0.4725,0.1325
