x,y
0.211041,0.00532352
0.226007,0.0128537
0.233563,0.0185283
0.241144,0.0238632
0.251265,0.0288818
0.263901,0.0332334
0.266417,0.0378853
0.273955,0.0420194
0.283949,0.0455735
0.293857,0.0487767
0.296311,0.0681819
0.296313,0.0632076
0.296315,0.0582333
0.296317,0.053259
0.3025,0.0475
0.3025,0.0525
0.3075,0.0575
0.3175,0.0625
0.3325,0.0675
0.3375,0.0725
0.3475,0.0775
0.3625,0.0825
0.3675,0.0125
0.3725,0.0875
0.3825,0.0175
0.3875,0.0925
0.4025,0.0975
0.4075,0.1025
0.4175,0.1075
0.4325,0.1125
0.4425,0.1175
0.4575,0.1225
0.4625,0.1275
0.4775,0.1325
