x,y
0.206111,0.00415338
0.220996,0.0121239
0.236086,0.0187319
0.243673,0.0239624
0.251265,0.0288818
0.258851,0.0335145
0.268936,0.0376732
0.281462,0.0410517
0.283949,0.0455735
0.291388,0.0492419
0.296311,0.0681819
0.296313,0.0632076
0.296315,0.0582333
0.296317,0.053259
0.3025,0.0475
0.3025,0.0525
0.3075,0.0575
0.3225,0.0625
0.3275,0.0675
0.3375,0.0725
0.3525,0.0775
0.3675,0.0125
0.3675,0.0825
0.3775,0.0875
0.3875,0.0175
0.3925,0.0925
0.3975,0.0975
0.4075,0.1025
0.4225,0.1075
0.4325,0.1125
0.4475,0.1175
0.4575,0.1225
0.4725,0.1275
0.4875,0.1325
