x,y
0.211041,0.00532352
0.220996,0.0121239
0.236086,0.0187319
0.241144,0.0238632
0.253796,0.0288497
0.261377,0.0333896
0.268936,0.0376732
0.276462,0.0417259
0.286436,0.0451765
0.293857,0.0487767
0.296311,0.0681819
0.296313,0.0632076
0.296315,0.0582333
0.296317,0.053259
0.3025,0.0475
0.3025,0.0525
0.3125,0.0575
0.3175,0.0625
0.3325,0.0675
0.3425,0.0725
0.3575,0.0775
0.3625,0.0825
0.3725,0.0125
0.3775,0.0875
0.3875,0.0925
0.3925,0.0175
0.4025,0.0975
0.4125,0.1025
0.4275,0.1075
0.4325,0.1125
0.4475,0.1175
0.4625,0.1225
0.4725,0.1275
