x,y
0.206111,0.00415338
0.218498,0.0117073
0.236086,0.0187319
0.246203,0.0240285
0.253796,0.0288497
0.261377,0.0333896
0.268936,0.0376732
0.278965,0.0414033
0.286436,0.0451765
0.291388,0.0492419
0.296311,0.0681819
0.296313,0.0632076
0.296315,0.0582333
0.296317,0.053259
0.3025,0.0475
0.3025,0.0525
0.3125,0.0575
0.3275,0.0625
0.3325,0.0675
0.3425,0.0725
0.3575,0.0775
0.3675,0.0825
0.3725,0.0125
0.3825,0.0875
0.3925,0.0175
0.3925,0.0925
0.4025,0.0975
0.4175,0.1025
0.4325,0.1075
0.4475,0.1125
0.4525,0.1175
0.4625,0.1225
0.4775,0.1275
