x,y
0.208572,0.00475585
0.226007,0.0128537
0.238612,0.0189017
0.241144,0.0238632
0.251265,0.0288818
0.263901,0.0332334
0.273962,0.0371584
0.276462,0.0417259
0.286436,0.0451765
0.296311,0.0681819
0.296313,0.0632076
0.296315,0.0582333
0.296317,0.053259
0.29632,0.0482847
0.3025,0.0475
0.3025,0.0525
0.3125,0.0575
0.3275,0.0625
0.3325,0.0675
0.3475,0.0725
0.3575,0.0775
0.3725,0.0825
0.3775,0.0125
0.3825,0.0875
0.3875,0.0175
0.3925,0.0925
0.4025,0.0975
0.4175,0.1025
0.4275,0.1075
0.4425,0.1125
0.4575,0.1175
0.4625,0.1225
0.4825,0.1275
