x,y
0.213517,0.00585628
0.223499,0.0125061
0.236086,0.0187319
0.246203,0.0240285
0.253796,0.0288497
0.261377,0.0333896
0.268936,0.0376732
0.281462,0.0410517
0.286436,0.0451765
0.296311,0.0681819
0.296313,0.0632076
0.296315,0.0582333
0.296317,0.053259
0.29632,0.0482847
0.3025,0.0475
0.3025,0.0525
0.3125,0.0575
0.3275,0.0625
0.3425,0.0675
0.3475,0.0725
0.3575,0.0775
0.3725,0.0125
0.3725,0.0825
0.3875,0.0175
0.3875,0.0875
0.3975,0.0925
0.4125,0.0975
0.4275,0.1025
0.4325,0.1075
0.4425,0.1125
0.4575,0.1175
0.4725,0.1225
