x,y
0.20366,0.00351623
0.223499,0.0125061
0.236086,0.0187319
0.243673,0.0239624
0.253796,0.0288497
0.266422,0.033046
0.276469,0.0368559
0.283955,0.040671
0.291392,0.044299
0.296311,0.0681819
0.296313,0.0632076
0.296315,0.0582333
0.296317,0.053259
0.29632,0.0482847
0.3025,0.0425
0.3025,0.0475
0.3075,0.0525
0.3225,0.0575
0.3275,0.0625
0.3425,0.0675
0.3525,0.0725
0.3675,0.0775
0.3725,0.0825
0.3775,0.0125
0.3875,0.0875
0.3975,0.0175
0.4025,0.0925
0.4125,0.0975
0.4275,0.1025
0.4425,0.1075
0.4475,0.1125
0.4625,0.1175
0.4775,0.1225
