x,y
0.206111,0.00415338
0.223499,0.0125061
0.236086,0.0187319
0.246203,0.0240285
0.253796,0.0288497
0.268941,0.0328276
0.27145,0.0374309
0.283955,0.040671
0.293861,0.0438186
0.296313,0.0632076
0.296315,0.0582333
0.296317,0.053259
0.29632,0.0482847
0.3025,0.0425
0.3025,0.0475
0.3025,0.0525
0.3175,0.0575
0.3275,0.0625
0.3425,0.0675
0.3575,0.0725
0.3625,0.0775
0.3775,0.0825
0.3825,0.0125
0.3925,0.0875
0.3975,0.0175
0.4025,0.0925
0.4175,0.0975
0.4325,0.1025
0.4375,0.1075
0.4525,0.1125
0.4675,0.1175
0.4875,0.1225
