/*--------------------------------*- C++ -*----------------------------------*\
  =========                 |
  \\      /  F ield         | OpenFOAM: The Open Source CFD Toolbox
   \\    /   O peration     | Website:  https://openfoam.org
    \\  /    A nd           | Version:  11
     \\/     M anipulation  |
\*---------------------------------------------------------------------------*/
FoamFile
{
    format      ascii;
    class       volScalarField;
    location    "0";
    object      Ccz;
}
// * * * * * * * * * * * * * * * * * * * * * * * * * * * * * * * * * * * * * //

dimensions      [0 1 0 0 0 0 0];

internalField   nonuniform List<scalar> 
4800
(
0
6.02335e-21
0
-2.87774e-19
-2.87774e-19
0
0
0
0
0
0
0
0
0
0
0
0
0
0
0
0
0
0
6.02335e-21
0
0
0
0
-6.02335e-21
0
0
0
0
0
-6.02335e-21
0
0
0
0
0
-6.02335e-21
0
-1.20467e-20
-1.4991e-19
-1.4991e-19
-1.61957e-19
-2.87774e-19
1.4991e-19
1.4991e-19
-2.87774e-19
1.4991e-19
0
-2.87774e-19
-2.87774e-19
-1.20467e-20
-2.87774e-19
-2.87774e-19
0
-2.87774e-19
-2.87774e-19
0
-2.87774e-19
-2.87774e-19
1.20467e-20
-2.87774e-19
-2.87774e-19
-2.87774e-19
-2.87774e-19
-2.9982e-19
-2.87774e-19
-2.87774e-19
-2.87774e-19
-2.87774e-19
-2.87774e-19
-2.9982e-19
-2.87774e-19
-2.87774e-19
-2.87774e-19
-2.87774e-19
-2.87774e-19
0
1.20467e-20
0
1.20467e-20
1.20467e-20
0
0
0
0
0
0
2.9982e-19
0
0
-1.20467e-20
0
0
0
0
0
0
0
0
1.20467e-20
0
0
0
0
0
0
0
0
0
0
0
0
0
0
0
0
2.87774e-19
1.4991e-19
-1.20467e-20
0
-2.87774e-19
1.4991e-19
-1.4991e-19
-1.4991e-19
-1.4991e-19
-1.4991e-19
-1.4991e-19
0
-1.4991e-19
-1.4991e-19
0
-1.4991e-19
-1.4991e-19
0
-1.4991e-19
-1.4991e-19
0
-1.4991e-19
-1.4991e-19
0
-1.4991e-19
-1.4991e-19
-1.4991e-19
-1.4991e-19
0
-1.4991e-19
-1.4991e-19
-1.4991e-19
-1.4991e-19
-1.4991e-19
0
-1.4991e-19
-1.4991e-19
-1.4991e-19
-1.4991e-19
-1.4991e-19
2.87774e-19
1.4991e-19
-1.20467e-20
2.87774e-19
0
1.4991e-19
-1.4991e-19
0
0
-1.4991e-19
0
0
-1.4991e-19
-1.4991e-19
0
-1.4991e-19
-1.4991e-19
0
-1.4991e-19
-1.4991e-19
0
-1.4991e-19
-1.4991e-19
0
-1.4991e-19
-1.4991e-19
-1.4991e-19
-1.4991e-19
0
-1.4991e-19
-1.4991e-19
-1.4991e-19
-1.4991e-19
-1.4991e-19
0
-1.4991e-19
-1.4991e-19
-1.4991e-19
-1.4991e-19
-1.4991e-19
0
1.61957e-19
0
-1.4991e-19
-1.4991e-19
0
-1.4991e-19
0
0
-1.4991e-19
0
0
-1.4991e-19
-1.4991e-19
0
-1.4991e-19
-1.4991e-19
0
-1.4991e-19
-1.4991e-19
0
-1.4991e-19
-1.4991e-19
-1.20467e-20
-1.4991e-19
-1.4991e-19
-1.4991e-19
-1.4991e-19
1.4991e-19
-1.4991e-19
-1.4991e-19
-1.4991e-19
-1.4991e-19
-1.4991e-19
1.4991e-19
-1.4991e-19
-1.4991e-19
-1.4991e-19
-1.4991e-19
-1.4991e-19
0
2.87774e-19
0
1.4991e-19
1.4991e-19
1.4991e-19
0
0
0
0
0
1.4991e-19
0
0
0
0
0
0
0
0
0
0
0
0
0
0
0
0
2.9982e-19
0
0
0
0
0
0
0
0
0
0
0
0
-1.4991e-19
0
1.4991e-19
0
0
0
0
0
0
0
0
0
0
0
0
0
0
0
0
0
0
0
0
0
0
0
0
0
0
0
0
0
0
0
0
0
0
0
0
0
-1.4991e-19
0
1.4991e-19
0
0
0
0
0
0
0
0
0
0
0
0
0
0
0
0
0
0
0
0
0
0
0
0
0
0
0
0
0
0
0
0
0
0
0
0
0
2.87774e-19
0
1.4991e-19
1.4991e-19
1.4991e-19
0
0
0
0
0
1.4991e-19
0
0
0
0
0
0
0
0
0
0
0
0
0
0
0
0
2.9982e-19
0
0
0
0
0
0
0
0
0
0
0
0
-1.4991e-19
0
1.4991e-19
0
0
0
0
0
0
0
0
0
0
0
0
0
0
0
0
0
0
0
0
0
0
0
0
0
0
0
0
0
0
0
0
0
0
0
0
0
0
-2.9982e-19
0
0
0
-1.4991e-19
0
0
-1.4991e-19
0
0
-1.4991e-19
-1.4991e-19
0
-1.4991e-19
-1.4991e-19
0
-1.4991e-19
-1.4991e-19
0
-1.4991e-19
-1.4991e-19
0
-1.4991e-19
-1.4991e-19
-1.4991e-19
-1.4991e-19
0
-1.4991e-19
-1.4991e-19
-1.4991e-19
-1.4991e-19
-1.4991e-19
0
-1.4991e-19
-1.4991e-19
-1.4991e-19
-1.4991e-19
-1.4991e-19
0
2.87774e-19
0
1.4991e-19
1.4991e-19
1.4991e-19
0
0
0
0
0
1.4991e-19
0
0
0
0
0
0
0
0
0
0
0
0
0
0
0
0
2.9982e-19
0
0
0
0
0
0
0
0
0
0
0
0
2.87774e-19
0
1.4991e-19
1.4991e-19
1.4991e-19
0
0
0
0
0
1.4991e-19
0
0
0
0
0
0
0
0
0
0
0
0
0
0
0
0
2.9982e-19
0
0
0
0
0
0
0
0
0
0
0
0
1.20467e-20
1.20467e-20
0
0
0
0
0
0
0
0
0
0
0
0
0
0
-2.87774e-19
0
0
-2.87774e-19
0
0
-2.9982e-19
0
0
0
0
0
0
0
0
0
0
0
0
0
0
0
0
0
2.87774e-19
0
1.4991e-19
1.4991e-19
1.4991e-19
0
0
0
0
0
1.4991e-19
0
0
0
0
0
0
0
0
0
0
0
0
0
0
0
0
2.9982e-19
0
0
0
0
0
0
0
0
0
0
0
0
2.87774e-19
0
1.4991e-19
1.4991e-19
1.4991e-19
0
0
0
0
0
1.4991e-19
0
0
0
0
0
0
0
0
0
0
0
0
0
0
0
0
2.9982e-19
0
0
0
0
0
0
0
0
0
0
0
0
0
0
0
0
0
0
0
0
0
0
0
0
0
2.87774e-19
0
0
0
0
0
0
0
0
-2.87774e-19
0
0
0
0
0
0
0
0
0
0
0
0
0
0
0
0
0
2.87774e-19
0
1.4991e-19
1.4991e-19
1.4991e-19
0
0
0
0
0
1.4991e-19
0
0
0
0
0
0
0
0
0
0
0
0
0
0
0
0
2.9982e-19
0
0
0
0
0
0
0
0
0
0
0
0
2.87774e-19
0
1.4991e-19
1.4991e-19
1.4991e-19
0
0
0
0
0
1.4991e-19
0
0
0
0
0
0
0
0
0
0
0
0
0
0
0
0
2.9982e-19
0
0
0
0
0
0
0
0
0
0
0
0
0
0
0
0
0
0
0
0
0
0
0
0
0
2.87774e-19
0
0
0
0
0
0
0
0
-2.87774e-19
0
0
0
0
0
0
0
0
0
0
0
0
0
0
0
0
0
2.87774e-19
0
1.4991e-19
1.4991e-19
1.4991e-19
0
0
0
0
0
1.4991e-19
0
0
0
0
0
0
0
0
0
0
0
0
0
0
0
0
2.9982e-19
0
0
0
0
0
0
0
0
0
0
0
0
2.87774e-19
0
1.4991e-19
1.4991e-19
1.4991e-19
0
0
0
0
0
1.4991e-19
0
0
0
0
0
0
0
0
0
0
0
0
0
0
0
0
2.9982e-19
0
0
0
0
0
0
0
0
0
0
0
-6.02335e-21
-1.20467e-20
-1.20467e-20
0
0
1.20467e-20
0
0
0
0
0
0
0
0
2.9982e-19
0
0
2.87774e-19
0
0
2.87774e-19
0
0
0
0
0
0
0
1.4991e-19
0
0
0
0
0
1.4991e-19
0
0
0
0
0
0
2.87774e-19
0
1.4991e-19
1.4991e-19
1.4991e-19
0
0
0
0
0
1.4991e-19
0
0
0
0
0
0
0
0
0
0
0
0
0
0
0
0
2.9982e-19
0
0
0
0
0
0
0
0
0
0
0
0
2.87774e-19
0
1.4991e-19
1.4991e-19
1.4991e-19
0
0
0
0
0
1.4991e-19
0
0
0
0
0
0
0
0
0
0
0
0
0
0
0
0
2.9982e-19
0
0
0
0
0
0
0
0
0
0
0
0
2.87774e-19
0
1.4991e-19
1.4991e-19
1.4991e-19
0
0
0
0
0
1.4991e-19
0
0
0
0
0
0
0
0
0
0
0
0
0
0
0
0
2.9982e-19
0
0
0
0
0
0
0
0
0
0
0
0
2.87774e-19
0
1.4991e-19
1.4991e-19
1.4991e-19
0
0
0
0
0
1.4991e-19
0
0
0
0
0
0
0
0
0
0
0
0
0
0
0
0
2.9982e-19
0
0
0
0
0
0
0
0
0
0
0
6.02335e-21
2.9982e-19
0
0
0
-1.4991e-19
-2.9982e-19
0
0
-2.9982e-19
0
0
-2.9982e-19
-2.9982e-19
0
-2.9982e-19
-2.9982e-19
0
-2.9982e-19
-2.9982e-19
0
-2.9982e-19
-2.9982e-19
-1.4991e-19
-2.9982e-19
-2.9982e-19
-2.9982e-19
-2.9982e-19
0
-2.9982e-19
-2.9982e-19
-2.9982e-19
-2.9982e-19
-2.9982e-19
2.9982e-19
-2.9982e-19
-2.9982e-19
-2.9982e-19
-2.9982e-19
-2.9982e-19
0
2.87774e-19
0
1.4991e-19
1.4991e-19
1.4991e-19
0
0
0
0
0
1.4991e-19
0
0
0
0
0
0
0
0
0
0
0
0
0
0
0
0
2.9982e-19
0
0
0
0
0
0
0
0
0
0
0
0
2.87774e-19
0
1.4991e-19
1.4991e-19
1.4991e-19
0
0
0
0
0
1.4991e-19
0
0
0
0
0
0
0
0
0
0
0
0
0
0
0
0
2.9982e-19
0
0
0
0
0
0
0
0
0
0
0
0
2.87774e-19
0
1.4991e-19
1.4991e-19
1.4991e-19
0
0
0
0
0
1.4991e-19
0
0
0
0
0
0
0
0
0
0
0
0
0
0
0
0
2.9982e-19
0
0
0
0
0
0
0
0
0
0
0
0
2.87774e-19
0
1.4991e-19
1.4991e-19
1.4991e-19
0
0
0
0
0
1.4991e-19
0
0
0
0
0
0
0
0
0
0
0
0
0
0
0
0
2.9982e-19
0
0
0
0
0
0
0
0
0
0
0
0
2.87774e-19
0
1.4991e-19
1.4991e-19
1.4991e-19
0
0
0
0
0
1.4991e-19
0
0
0
0
0
0
0
0
0
0
0
0
0
0
0
0
2.9982e-19
0
0
0
0
0
0
0
0
0
0
0
6.02335e-21
2.9982e-19
0
0
0
-1.4991e-19
0
0
0
0
0
0
0
0
0
0
0
0
0
0
0
0
0
-1.4991e-19
0
0
0
0
-2.9982e-19
0
0
0
0
0
0
0
0
0
0
0
0
2.87774e-19
0
1.4991e-19
1.4991e-19
1.4991e-19
0
0
0
0
0
1.4991e-19
0
0
0
0
0
0
0
0
0
0
0
0
0
0
0
0
2.9982e-19
0
0
0
0
0
0
0
0
0
0
0
0
2.87774e-19
0
1.4991e-19
1.4991e-19
1.4991e-19
0
0
0
0
0
1.4991e-19
0
0
0
0
0
0
0
0
0
0
0
0
0
0
0
0
2.9982e-19
0
0
0
0
0
0
0
0
0
0
0
0
2.87774e-19
0
1.4991e-19
1.4991e-19
1.4991e-19
0
0
0
0
0
1.4991e-19
0
0
0
0
0
0
0
0
0
0
0
0
0
0
0
0
2.9982e-19
0
0
0
0
0
0
0
0
0
0
0
0
2.87774e-19
0
1.4991e-19
1.4991e-19
1.4991e-19
0
0
0
0
0
1.4991e-19
0
0
0
0
0
0
0
0
0
0
0
0
0
0
0
0
2.9982e-19
0
0
0
0
0
0
0
0
0
0
0
0
2.87774e-19
0
1.4991e-19
1.4991e-19
1.4991e-19
0
0
0
0
0
1.4991e-19
0
0
0
0
0
0
0
0
0
0
0
0
0
0
0
0
2.9982e-19
0
0
0
0
0
0
0
0
0
0
0
0
7.8433e-20
-7.82462e-20
4.44291e-19
-7.79092e-20
0
0
0
2.20054e-19
0
-1.42276e-19
0
2.18956e-19
0
-2.18585e-19
0
0
4.36491e-19
-1.41443e-19
-2.1816e-19
0
0
-2.18242e-19
0
0
2.18578e-19
-2.18747e-19
-2.18945e-19
3.61276e-19
0
0
-2.20038e-19
0
7.75999e-20
0
0
-2.22123e-19
-4.45287e-19
0
-2.23796e-19
-4.59129e-19
0
-1.44292e-19
8.40412e-20
-2.27561e-19
1.55447e-19
0
0
-8.33946e-20
0
0
-8.31256e-20
0
0
2.24715e-19
1.41689e-19
0
-8.28337e-20
0
0
0
0
0
0
0
0
-8.29836e-20
0
8.31138e-20
0
0
-3.80777e-19
8.34861e-20
0
8.37313e-20
-8.38694e-20
0
-3.12648e-19
3.13335e-19
0
1.56876e-19
3.01017e-19
0
0
0
-2.27056e-19
2.267e-19
0
-2.26072e-19
8.33024e-20
8.32199e-20
3.08477e-19
0
0
2.24821e-19
-1.53817e-19
2.24604e-19
0
0
0
0
-2.24481e-19
0
-1.53748e-19
-2.24694e-19
-1.41846e-19
0
-8.30702e-20
8.31342e-20
0
3.09072e-19
0
8.34766e-20
-8.35847e-20
-3.10738e-19
3.11248e-19
-2.27832e-19
1.44163e-19
0
8.44395e-20
0
8.42188e-20
8.40733e-20
0
-8.38108e-20
-1.43275e-19
-2.26643e-19
-8.34845e-20
-1.42676e-19
3.09129e-19
-3.92062e-19
-2.25393e-19
2.25214e-19
0
3.78895e-19
0
2.24728e-19
3.07583e-19
2.24618e-19
0
2.24595e-19
-1.5376e-19
-3.78446e-19
8.29383e-20
0
0
8.30455e-20
8.30962e-20
0
2.25581e-19
-2.25805e-19
-2.26053e-19
0
2.26624e-19
0
0
0
0
3.12711e-19
-1.56665e-19
8.4282e-20
2.2831e-19
-2.27914e-19
-8.38856e-20
2.98915e-19
2.26881e-19
-8.35657e-20
2.26315e-19
2.26066e-19
0
3.08884e-19
0
8.31328e-20
2.25152e-19
0
-1.41921e-19
-8.29846e-20
-8.29643e-20
-8.29505e-20
2.24732e-19
-1.41789e-19
0
0
-8.29798e-20
0
0
2.25143e-19
0
0
2.25623e-19
0
0
0
0
2.26861e-19
0
5.38905e-19
-8.39846e-20
3.84483e-19
8.4255e-20
0
0
1.43776e-19
-3.11223e-19
0
0
0
3.09752e-19
0
2.25861e-19
0
-3.79877e-19
0
0
-8.30805e-20
2.25048e-19
-2.24977e-19
1.53966e-19
3.07883e-19
8.2989e-20
2.24869e-19
0
0
0
-1.41998e-19
0
-2.25236e-19
0
8.31955e-20
-1.66498e-19
0
-8.3375e-20
0
0
8.36151e-20
0
-8.3811e-20
0
3.12088e-19
0
2.28181e-19
8.39857e-20
-8.38804e-20
2.27234e-19
-8.36909e-20
8.36062e-20
0
0
1.42671e-19
-2.25882e-19
0
0
-2.25449e-19
8.31477e-20
3.79423e-19
-8.30891e-20
0
8.30516e-20
8.30406e-20
-8.30348e-20
0
0
-8.30481e-20
-2.25097e-19
-8.30829e-20
8.31081e-20
0
8.31745e-20
-2.25565e-19
8.32629e-20
-2.25868e-19
0
1.66877e-19
2.26454e-19
0
0
0
0
-2.27818e-19
0
0
0
-8.38164e-20
0
0
-1.43043e-19
3.81379e-19
1.42783e-19
-2.26058e-19
-2.37957e-19
0
-8.32483e-20
1.54369e-19
8.31788e-20
-2.25349e-19
0
0
0
0
0
0
2.25156e-19
0
2.25222e-19
0
0
-8.31697e-20
0
-2.25626e-19
0
-1.42566e-19
0
0
0
-2.266e-19
-1.4319e-19
-3.82439e-19
-2.27312e-19
0
0
-8.39155e-20
-1.43549e-19
0
-8.36792e-20
8.36112e-20
0
-2.2636e-19
0
8.33884e-20
-2.25924e-19
-8.33044e-20
2.257e-19
-1.42369e-19
-3.79892e-19
0
0
0
3.67496e-19
0
0
8.31259e-20
0
-1.42178e-19
-2.25347e-19
-2.25392e-19
0
0
2.9678e-19
8.32569e-20
0
0
0
0
8.34715e-20
0
-2.267e-19
0
-2.2712e-19
0
0
1.55592e-19
0
-8.36886e-20
0
0
8.35193e-20
3.09775e-19
-8.34275e-20
8.33875e-20
-2.25945e-19
3.09166e-19
0
-8.32635e-20
2.25618e-19
0
0
0
0
0
0
0
8.31742e-20
0
-3.0866e-19
0
0
8.32319e-20
-8.3253e-20
8.32774e-20
-8.33052e-20
0
0
-8.34102e-20
0
0
-8.35499e-20
0
0
0
8.37976e-20
0
0
0
-2.26617e-19
2.26483e-19
0
-2.26247e-19
3.09562e-19
0
-8.33581e-20
-3.92555e-19
-3.09132e-19
0
2.25712e-19
-2.25668e-19
0
2.25602e-19
0
2.25566e-19
2.25558e-19
8.32179e-20
0
2.25577e-19
-3.08827e-19
3.08864e-19
-8.32495e-20
8.32631e-20
0
8.32979e-20
3.09196e-19
0
8.33706e-20
-8.34007e-20
-8.34339e-20
-1.4287e-19
3.09972e-19
-3.10148e-19
-8.36007e-20
0
0
-8.36431e-20
0
-8.35613e-20
0
-8.34919e-20
8.34615e-20
0
-1.54762e-19
2.26048e-19
2.25987e-19
-1.42586e-19
0
1.42526e-19
0
0
0
8.32765e-20
-8.32709e-20
0
0
3.0896e-19
0
0
-8.32716e-20
0
0
0
0
8.33184e-20
8.33334e-20
0
0
-8.33912e-20
0
-8.34414e-20
1.42872e-19
0
0
3.10238e-19
0
-2.26545e-19
8.3524e-20
-8.34978e-20
0
-7.13963e-20
8.34327e-20
8.3415e-20
-2.26087e-19
3.0943e-19
2.26008e-19
8.33608e-20
-2.25946e-19
2.25921e-19
1.54617e-19
0
2.37917e-19
-1.42535e-19
0
0
8.33108e-20
0
0
1.54576e-19
-3.09162e-19
-8.33165e-20
0
0
0
0
-1.54655e-19
5.92782e-20
8.33688e-20
0
0
-8.34126e-20
0
-8.34511e-20
0
0
1.67052e-19
-8.34626e-20
0
-2.2619e-19
-3.80945e-19
0
2.261e-19
-8.33962e-20
0
0
-3.09408e-19
0
1.42636e-19
0
-1.42627e-19
0
-1.42621e-19
-1.66721e-19
3.80645e-19
-8.33579e-20
8.3357e-20
0
1.54664e-19
-3.09329e-19
-1.42619e-19
0
0
0
1.42631e-19
8.33595e-20
2.26004e-19
-2.26014e-19
-3.80724e-19
8.33722e-20
-2.26059e-19
0
0
8.34e-20
8.34103e-20
0
-1.54842e-19
2.26005e-19
3.09373e-19
-8.33711e-20
0
2.26007e-19
8.3375e-20
0
0
8.3383e-20
2.2605e-19
2.26059e-19
8.3392e-20
2.26078e-19
0
0
8.3401e-20
-4.52211e-19
8.34031e-20
3.09515e-19
0
0
2.26109e-19
-8.33996e-20
-3.09498e-19
-2.26094e-19
0
-8.3388e-20
0
0
8.33758e-20
0
0
0
-8.33587e-20
0
0
0
0
0
0
-2.25736e-19
8.32954e-20
-8.3308e-20
0
-2.25889e-19
-8.33462e-20
0
-8.33706e-20
-8.33821e-20
0
2.26102e-19
0
-1.54789e-19
2.2618e-19
0
8.34401e-20
0
0
-2.26248e-19
0
0
-2.26246e-19
2.26238e-19
8.34394e-20
0
0
8.34193e-20
-2.26147e-19
8.34006e-20
0
8.33784e-20
-3.80715e-19
0
8.33399e-20
-2.25907e-19
0
2.25827e-19
0
-8.327e-20
-2.25709e-19
0
0
0
0
-2.2577e-19
2.25841e-19
8.33399e-20
0
0
0
-8.34173e-20
1.42759e-19
2.26236e-19
0
8.34705e-20
3.09815e-19
8.34864e-20
-8.34915e-20
0
0
0
0
8.3488e-20
3.09834e-19
0
-3.09763e-19
0
2.26225e-19
0
-8.34041e-20
0
0
-1.5465e-19
-3.09211e-19
0
8.32727e-20
-2.25675e-19
1.42377e-19
0
-5.34049e-19
0
1.42174e-19
0
0
-8.32546e-20
0
0
0
3.80738e-19
-1.66814e-19
5.93238e-20
0
0
0
0
2.26453e-19
3.10013e-19
0
0
-8.35424e-20
0
-8.35383e-20
2.26504e-19
0
8.35123e-20
0
1.42877e-19
0
0
8.34182e-20
0
8.33644e-20
8.33344e-20
0
1.66537e-19
0
0
-1.42251e-19
0
-1.42096e-19
-2.24933e-19
1.5408e-19
-8.31192e-20
0
2.25534e-19
-8.326e-20
0
-1.54629e-19
-3.09409e-19
0
0
1.42842e-19
0
8.35225e-20
-1.4298e-19
2.26571e-19
0
3.8175e-19
3.10246e-19
2.26669e-19
0
0
0
8.35658e-20
3.10116e-19
-3.10048e-19
3.09967e-19
-3.8132e-19
8.34624e-20
-2.26216e-19
3.80878e-19
2.26013e-19
0
0
0
0
0
0
0
-8.29889e-20
0
0
-1.42e-19
-1.42123e-19
0
-2.25583e-19
0
8.33328e-20
-8.33786e-20
0
1.42812e-19
-2.26378e-19
8.35263e-20
8.35539e-20
-8.35776e-20
2.98235e-19
0
0
0
0
0
-2.26795e-19
1.43149e-19
0
-2.26683e-19
-8.35698e-20
0
0
0
0
8.34063e-20
8.33626e-20
0
8.32649e-20
2.25563e-19
8.31545e-20
0
-8.30325e-20
3.07808e-19
-2.2464e-19
0
-3.07557e-19
0
-1.42022e-19
0
1.5435e-19
0
2.2586e-19
2.26024e-19
0
8.34739e-20
8.35156e-20
-8.35527e-20
0
-8.36133e-20
0
8.36552e-20
8.3669e-20
-8.3678e-20
-8.36821e-20
0
-3.82237e-19
0
3.82114e-19
-8.36303e-20
-8.36056e-20
0
-8.35422e-20
-8.35037e-20
2.26301e-19
0
-2.26008e-19
-1.42537e-19
0
0
0
0
0
-1.41722e-19
0
0
0
2.24682e-19
0
1.54139e-19
-8.3174e-20
0
-2.25832e-19
2.26021e-19
-3.81012e-19
3.09845e-19
0
-2.26632e-19
2.26746e-19
-2.26844e-19
8.36761e-20
0
8.37135e-20
0
-2.27089e-19
0
0
0
-3.10679e-19
0
2.26836e-19
-3.10344e-19
-8.35686e-20
-3.10014e-19
-8.34748e-20
8.34203e-20
8.33608e-20
0
0
-1.42237e-19
0
0
-1.65815e-19
-2.24389e-19
8.27233e-20
0
0
0
0
0
0
0
0
-2.9734e-19
2.26217e-19
0
-2.26564e-19
8.36056e-20
0
0
0
8.37399e-20
-1.55466e-19
-3.10981e-19
-2.27229e-19
-8.37749e-20
2.27209e-19
0
0
8.37092e-20
3.10621e-19
-3.82066e-19
0
8.3545e-20
2.26386e-19
0
1.42643e-19
8.32871e-20
0
0
0
2.24763e-19
0
2.24164e-19
0
-8.25738e-20
2.23965e-19
-3.07114e-19
8.29155e-20
0
0
0
0
0
2.26238e-19
0
0
-1.43158e-19
-2.26935e-19
-3.1078e-19
0
3.11028e-19
8.38027e-20
0
2.2737e-19
0
8.38139e-20
0
-2.27241e-19
0
-3.10764e-19
1.43255e-19
8.36215e-20
0
-8.35032e-20
-2.26224e-19
8.3359e-20
0
-8.31901e-20
-8.30967e-20
0
-2.24612e-19
0
-8.26676e-20
-8.25474e-20
3.05831e-19
0
-2.24121e-19
-2.24483e-19
2.24828e-19
0
-8.31901e-20
8.32855e-20
0
-2.38313e-19
8.35306e-20
-1.55143e-19
8.36585e-20
-3.94452e-19
3.10923e-19
0
-3.70921e-19
2.27442e-19
8.38622e-20
-2.2751e-19
-2.27509e-19
3.11346e-19
0
0
0
2.27159e-19
0
0
-8.35863e-20
-8.35174e-20
-1.54843e-19
0
-5.91928e-20
2.37478e-19
-3.08201e-19
-8.29585e-20
-2.24461e-19
8.27207e-20
8.2593e-20
0
0
-8.25437e-20
2.23935e-19
8.28149e-20
8.29407e-20
0
-2.25404e-19
-3.08994e-19
8.33733e-20
-3.09743e-19
0
0
-8.3685e-20
-8.3743e-20
0
0
0
5.39044e-19
2.27626e-19
0
-8.39155e-20
2.27624e-19
0
0
2.27394e-19
0
0
3.82245e-19
0
-2.26513e-19
0
1.42637e-19
0
0
0
3.07608e-19
0
-2.35944e-19
-2.35524e-19
-2.23057e-19
1.4051e-19
-2.23295e-19
0
2.24182e-19
-1.41692e-19
-8.3031e-20
-2.25348e-19
1.54478e-19
-8.33724e-20
0
0
8.36396e-20
0
0
0
1.55696e-19
-2.27628e-19
-1.67874e-19
0
0
0
8.39525e-20
3.1164e-19
-3.11528e-19
0
0
3.82697e-19
-8.37009e-20
-8.36277e-20
0
-1.54871e-19
8.33564e-20
2.25672e-19
0
0
8.28804e-20
0
-3.06322e-19
1.40826e-19
-2.22795e-19
0
0
1.41005e-19
0
8.28626e-20
0
8.31341e-20
8.32572e-20
3.09377e-19
0
-3.81705e-19
-8.36603e-20
0
-8.38062e-20
-8.38648e-20
0
8.39526e-20
0
-2.27904e-19
-8.40102e-20
-2.27932e-19
-3.11901e-19
0
0
2.27632e-19
7.18128e-20
8.3797e-20
8.37275e-20
0
-3.10159e-19
0
-3.09345e-19
-8.32398e-20
-8.31154e-20
-3.78806e-19
0
3.7736e-19
0
-2.23048e-19
0
2.223e-19
1.4053e-19
0
-8.26646e-20
8.28237e-20
3.07785e-19
8.31155e-20
-8.32477e-20
0
-3.93311e-19
0
-1.55309e-19
2.27188e-19
0
0
0
-8.39953e-20
0
4.56086e-19
-1.44017e-19
0
2.28041e-19
0
1.43889e-19
3.11698e-19
0
-8.38287e-20
0
0
0
8.34692e-20
0
2.25616e-19
0
1.41837e-19
0
1.53251e-19
0
-8.22963e-20
0
-8.2051e-20
-8.22474e-20
0
8.26146e-20
-8.27847e-20
0
-2.96221e-19
3.08843e-19
0
0
0
0
-2.27267e-19
3.8319e-19
2.27707e-19
-1.67986e-19
0
8.40716e-20
0
0
3.84375e-19
-3.12272e-19
0
2.28008e-19
8.39867e-20
0
0
-3.11038e-19
8.36899e-20
3.8182e-19
0
1.4263e-19
2.25588e-19
3.08239e-19
2.24706e-19
-1.65527e-19
0
0
8.22225e-20
0
2.21781e-19
-3.04582e-19
0
-8.25647e-20
0
8.29171e-20
-3.08202e-19
1.42348e-19
0
-1.42887e-19
0
8.37225e-20
0
0
-8.3973e-20
0
0
0
8.41403e-20
8.41518e-20
8.41511e-20
8.41382e-20
0
8.40759e-20
0
2.27808e-19
0
8.38072e-20
-8.37106e-20
-8.36026e-20
0
-2.25981e-19
8.32115e-20
0
0
0
0
0
0
-2.21755e-19
0
0
3.75394e-19
0
0
3.07444e-19
0
-2.25548e-19
2.25994e-19
-3.81362e-19
2.26783e-19
0
0
-8.3933e-20
0
0
0
-2.28385e-19
8.41868e-20
-2.285e-19
-1.56349e-19
-2.28459e-19
-8.41581e-20
0
0
-8.40014e-20
0
0
0
-7.15762e-20
0
-8.33519e-20
-2.25531e-19
0
1.65738e-19
0
-2.2341e-19
0
-8.20753e-20
0
-8.17925e-20
3.73965e-19
3.04892e-19
-3.05748e-19
0
-8.28603e-20
-8.3041e-20
8.321e-20
0
0
2.26825e-19
0
8.38709e-20
-2.27789e-19
0
2.28235e-19
0
0
0
0
1.56443e-19
0
8.42033e-20
8.41616e-20
0
1.56031e-19
0
-8.38604e-20
0
0
0
-1.54663e-19
8.31927e-20
0
0
0
0
-1.4039e-19
0
-1.63533e-19
0
1.51851e-19
-8.219e-20
0
0
0
0
0
0
0
0
0
2.27587e-19
0
-3.84253e-19
0
3.12736e-19
-2.28656e-19
0
0
-8.42932e-20
0
0
0
-1.56248e-19
0
0
0
-8.37729e-20
8.36452e-20
-3.09938e-19
8.33502e-20
0
2.24938e-19
-2.24365e-19
-8.26083e-20
-2.23112e-19
0
3.03652e-19
-2.20981e-19
0
0
-8.21289e-20
-2.22985e-19
8.25908e-20
8.28036e-20
0
0
0
-8.35259e-20
-2.26911e-19
8.38057e-20
-8.39243e-20
0
-2.2825e-19
8.41927e-20
3.73059e-19
-8.42972e-20
0
0
2.28926e-19
0
3.13082e-19
2.28651e-19
-1.56328e-19
0
8.40192e-20
0
4.54596e-19
8.36595e-20
-8.35113e-20
-3.0932e-19
0
-2.24882e-19
0
-7.0535e-20
-2.22963e-19
1.52178e-19
0
0
8.15359e-20
-8.18077e-20
8.2068e-20
8.23162e-20
2.23545e-19
-1.6555e-19
-2.24845e-19
0
0
1.42957e-19
0
-2.27373e-19
0
0
8.41543e-20
0
3.1308e-19
-8.43425e-20
1.56698e-19
8.43889e-20
2.29068e-19
2.2902e-19
-8.4339e-20
0
0
-8.41465e-20
-8.40511e-20
-2.27736e-19
-8.38145e-20
0
0
2.25968e-19
8.31644e-20
0
0
0
-1.64588e-19
8.20443e-20
-2.21286e-19
0
1.38789e-19
2.21092e-19
3.73867e-19
-8.22667e-20
0
0
8.29666e-20
0
8.33635e-20
-1.42971e-19
-2.26996e-19
3.11282e-19
8.39777e-20
8.40922e-20
-8.41906e-20
-2.28716e-19
4.57829e-19
-8.43879e-20
-1.56792e-19
0
1.56824e-19
-1.56789e-19
-1.44675e-19
0
0
-4.5692e-19
0
8.39671e-20
3.11258e-19
8.3688e-20
3.10022e-19
-8.33475e-20
-2.2539e-19
0
-8.2727e-20
0
0
0
1.39357e-19
0
0
1.63325e-19
-2.21727e-19
-2.2254e-19
0
-2.24045e-19
0
-2.25379e-19
0
0
0
0
0
0
0
-8.43129e-20
-1.44662e-19
0
0
0
1.44871e-19
0
0
0
0
0
0
0
-2.27486e-19
-2.27026e-19
0
8.33466e-20
-8.31456e-20
8.29295e-20
2.24025e-19
-1.52873e-19
0
8.19227e-20
2.2085e-19
-1.50649e-19
0
8.15899e-20
0
0
-8.24364e-20
8.26904e-20
0
0
0
-2.26553e-19
-1.55406e-19
0
0
-8.4156e-20
0
0
1.56799e-19
7.24286e-20
0
1.57015e-19
1.57014e-19
-8.45123e-20
8.44752e-20
0
0
-1.44423e-19
8.41468e-20
-8.40205e-20
0
0
2.26539e-19
0
-2.25333e-19
8.29109e-20
0
-2.23176e-19
-1.52258e-19
8.18621e-20
0
0
0
0
0
0
-1.40684e-19
0
0
-8.3144e-20
-8.33608e-20
-8.3561e-20
0
8.39098e-20
2.28068e-19
0
0
-1.44684e-19
-1.44835e-19
1.44948e-19
-1.20495e-20
0
1.5711e-19
-2.29583e-19
-1.56995e-19
8.44632e-20
-1.44684e-19
0
-3.12629e-19
0
0
0
0
0
0
8.28924e-20
-8.26422e-20
0
0
0
-2.20416e-19
0
0
0
0
0
0
0
0
0
2.8175e-19
0
-1.43887e-19
1.43887e-19
-2.87774e-19
0
-1.43887e-19
1.43887e-19
-2.87774e-19
0
-1.43887e-19
1.43887e-19
-2.87774e-19
0
0
0
0
0
0
0
0
0
0
0
0
2.8175e-19
0
-1.43887e-19
1.43887e-19
-2.87774e-19
0
-1.43887e-19
-2.87774e-19
-2.87774e-19
-2.87774e-19
-2.87774e-19
-2.87774e-19
-2.87774e-19
-2.87774e-19
-2.87774e-19
1.4991e-19
0
-4.37684e-19
0
-2.87774e-19
0
-4.37684e-19
0
-2.87774e-19
0
-4.37684e-19
0
-2.87774e-19
0
-2.87774e-19
-2.87774e-19
-2.87774e-19
-2.87774e-19
-2.87774e-19
-2.87774e-19
-2.87774e-19
-2.87774e-19
-2.87774e-19
-2.87774e-19
-2.87774e-19
1.4991e-19
0
-4.37684e-19
0
-2.87774e-19
0
-4.37684e-19
0
0
0
0
0
0
0
0
1.4991e-19
0
2.87774e-19
0
0
0
2.87774e-19
0
0
0
2.87774e-19
0
0
1.4991e-19
0
0
0
0
0
0
0
0
0
0
0
1.4991e-19
0
2.87774e-19
0
0
0
2.87774e-19
-1.4991e-19
-1.4991e-19
-1.4991e-19
-1.4991e-19
-1.4991e-19
-1.4991e-19
-1.4991e-19
-1.4991e-19
2.87774e-19
-1.4991e-19
-1.4991e-19
-1.4991e-19
0
-1.4991e-19
-1.4991e-19
-1.4991e-19
0
-1.4991e-19
-1.4991e-19
-1.4991e-19
0
4.37684e-19
-1.4991e-19
-1.4991e-19
-1.4991e-19
-1.4991e-19
-1.4991e-19
-1.4991e-19
-1.4991e-19
-1.4991e-19
-1.4991e-19
-1.4991e-19
-1.4991e-19
2.87774e-19
-1.4991e-19
-1.4991e-19
-1.4991e-19
0
-1.4991e-19
-1.4991e-19
-1.4991e-19
-1.4991e-19
-1.4991e-19
-1.4991e-19
-1.4991e-19
-1.4991e-19
-1.4991e-19
-1.4991e-19
2.87774e-19
-1.4991e-19
0
-1.4991e-19
0
-1.4991e-19
0
-1.4991e-19
0
-1.4991e-19
0
-1.4991e-19
0
2.87774e-19
-1.4991e-19
-1.4991e-19
-1.4991e-19
-1.4991e-19
-1.4991e-19
-1.4991e-19
-1.4991e-19
-1.4991e-19
-1.4991e-19
-1.4991e-19
-1.4991e-19
2.87774e-19
-1.4991e-19
0
-1.4991e-19
0
-1.4991e-19
0
-1.4991e-19
-1.4991e-19
-1.4991e-19
-1.4991e-19
-1.4991e-19
-1.4991e-19
-1.4991e-19
-1.4991e-19
0
1.37863e-19
-1.4991e-19
1.37863e-19
-2.9982e-19
1.37863e-19
-1.4991e-19
1.37863e-19
-2.9982e-19
1.37863e-19
-1.4991e-19
1.37863e-19
-2.9982e-19
0
-1.4991e-19
-1.4991e-19
-1.4991e-19
-1.4991e-19
-1.4991e-19
-1.4991e-19
-1.4991e-19
-1.4991e-19
-1.4991e-19
-1.4991e-19
-1.4991e-19
0
1.37863e-19
-1.4991e-19
1.37863e-19
-2.9982e-19
1.37863e-19
-1.4991e-19
0
0
0
0
0
0
0
0
0
0
0
0
2.87774e-19
0
0
0
2.87774e-19
0
0
0
2.87774e-19
0
0
0
0
0
0
0
0
0
0
0
0
0
0
0
0
2.87774e-19
0
0
0
0
0
0
0
0
0
0
0
1.4991e-19
-1.4991e-19
1.4991e-19
-1.37863e-19
1.4991e-19
-1.4991e-19
1.4991e-19
-1.37863e-19
1.4991e-19
-1.4991e-19
1.4991e-19
-1.37863e-19
0
0
0
0
0
0
0
0
0
0
0
0
0
1.4991e-19
-1.4991e-19
1.4991e-19
-1.37863e-19
1.4991e-19
-1.4991e-19
0
0
0
0
0
0
0
0
0
1.4991e-19
-1.37863e-19
1.4991e-19
-1.37863e-19
1.4991e-19
-1.37863e-19
1.4991e-19
-1.37863e-19
1.4991e-19
-1.37863e-19
1.4991e-19
-1.37863e-19
0
0
0
0
0
0
0
0
0
0
0
0
0
1.4991e-19
-1.37863e-19
1.4991e-19
-1.37863e-19
1.4991e-19
-1.37863e-19
0
0
0
0
0
0
0
0
0
0
0
0
2.87774e-19
0
0
0
2.87774e-19
0
0
0
2.87774e-19
0
0
0
0
0
0
0
0
0
0
0
0
0
0
0
0
2.87774e-19
0
0
0
0
0
0
0
0
0
0
0
1.4991e-19
-1.37863e-19
1.4991e-19
-1.37863e-19
1.4991e-19
-1.37863e-19
1.4991e-19
-1.37863e-19
1.4991e-19
-1.37863e-19
1.4991e-19
-1.37863e-19
0
0
0
0
0
0
0
0
0
0
0
0
0
1.4991e-19
-1.37863e-19
1.4991e-19
-1.37863e-19
1.4991e-19
-1.37863e-19
-1.4991e-19
-1.4991e-19
-1.4991e-19
-1.4991e-19
-1.4991e-19
-1.4991e-19
-1.4991e-19
-1.4991e-19
0
1.37863e-19
-2.87774e-19
1.37863e-19
-2.87774e-19
1.37863e-19
-2.87774e-19
1.37863e-19
-2.87774e-19
1.37863e-19
-2.87774e-19
1.37863e-19
-2.87774e-19
0
-1.4991e-19
-1.4991e-19
-1.4991e-19
-1.4991e-19
-1.4991e-19
-1.4991e-19
-1.4991e-19
-1.4991e-19
-1.4991e-19
-1.4991e-19
-1.4991e-19
0
1.37863e-19
-2.87774e-19
1.37863e-19
-2.87774e-19
1.37863e-19
-2.87774e-19
0
0
0
0
0
0
0
0
0
0
0
0
2.87774e-19
0
0
0
2.87774e-19
0
0
0
2.87774e-19
0
0
0
0
0
0
0
0
0
0
0
0
0
0
0
0
2.87774e-19
0
0
0
0
0
0
0
0
0
0
0
0
0
0
2.87774e-19
0
0
0
2.87774e-19
0
0
0
2.87774e-19
0
0
0
0
0
0
0
0
0
0
0
0
0
0
0
0
2.87774e-19
0
0
0
0
0
0
0
0
0
0
-1.4991e-19
0
0
0
0
0
0
0
0
0
0
0
0
0
0
0
0
0
0
0
0
0
0
0
0
-1.4991e-19
0
0
0
0
0
0
0
0
0
0
0
0
0
0
0
0
0
0
2.87774e-19
0
0
0
2.87774e-19
0
0
0
2.87774e-19
0
0
0
0
0
0
0
0
0
0
0
0
0
0
0
0
2.87774e-19
0
0
0
0
0
0
0
0
0
0
0
0
0
0
2.87774e-19
0
0
0
2.87774e-19
0
0
0
2.87774e-19
0
0
0
0
0
0
0
0
0
0
0
0
0
0
0
0
2.87774e-19
0
0
0
0
0
0
0
0
0
0
-1.4991e-19
0
0
0
0
0
0
0
0
0
0
0
0
0
0
0
0
0
0
0
0
0
0
0
0
-1.4991e-19
0
0
0
0
0
0
0
0
0
0
0
0
0
0
0
0
0
0
2.87774e-19
0
0
0
2.87774e-19
0
0
0
2.87774e-19
0
0
0
0
0
0
0
0
0
0
0
0
0
0
0
0
2.87774e-19
0
0
0
0
0
0
0
0
0
0
0
0
0
0
2.87774e-19
0
0
0
2.87774e-19
0
0
0
2.87774e-19
0
0
0
0
0
0
0
0
0
0
0
0
0
0
0
0
2.87774e-19
0
0
0
0
0
0
0
0
0
0
-1.4991e-19
0
0
0
0
0
0
0
0
0
0
0
0
0
0
0
0
0
0
0
0
0
0
0
0
-1.4991e-19
0
0
0
0
0
0
0
0
0
0
0
0
0
0
0
0
0
0
2.87774e-19
0
0
0
2.87774e-19
0
0
0
2.87774e-19
0
0
0
0
0
0
0
0
0
0
0
0
0
0
0
0
2.87774e-19
0
0
0
0
0
0
0
0
0
0
0
0
0
0
2.87774e-19
0
0
0
2.87774e-19
0
0
0
2.87774e-19
0
0
0
0
0
0
0
0
0
0
0
0
0
0
0
0
2.87774e-19
0
0
0
0
0
0
0
0
0
0
-1.4991e-19
0
0
0
0
0
0
0
0
0
0
0
0
0
0
0
0
0
0
0
0
0
0
0
0
-1.4991e-19
0
0
0
0
0
0
0
0
0
0
0
0
0
0
0
0
0
0
2.87774e-19
0
0
0
2.87774e-19
0
0
0
2.87774e-19
0
0
0
0
0
0
0
0
0
0
0
0
0
0
0
0
2.87774e-19
0
0
0
0
0
0
0
0
0
0
0
0
0
0
2.87774e-19
0
0
0
2.87774e-19
0
0
0
2.87774e-19
0
0
0
0
0
0
0
0
0
0
0
0
0
0
0
0
2.87774e-19
0
0
0
0
0
0
0
0
0
0
0
0
0
0
2.87774e-19
0
0
0
2.87774e-19
0
0
0
2.87774e-19
0
0
0
0
0
0
0
0
0
0
0
0
0
0
0
0
2.87774e-19
0
0
0
0
0
0
0
0
0
0
0
0
0
0
2.87774e-19
0
0
0
2.87774e-19
0
0
0
2.87774e-19
0
0
0
0
0
0
0
0
0
0
0
0
0
0
0
0
2.87774e-19
0
0
-2.9982e-19
-2.9982e-19
-2.9982e-19
-2.9982e-19
-2.9982e-19
-2.9982e-19
-2.9982e-19
-2.9982e-19
0
-2.9982e-19
1.37863e-19
-2.9982e-19
-1.4991e-19
-2.9982e-19
1.37863e-19
-2.9982e-19
-1.4991e-19
-2.9982e-19
1.37863e-19
-2.9982e-19
-1.4991e-19
2.87774e-19
-2.9982e-19
-2.9982e-19
-2.9982e-19
-2.9982e-19
-2.9982e-19
-2.9982e-19
-2.9982e-19
-2.9982e-19
-2.9982e-19
-2.9982e-19
-2.9982e-19
0
-2.9982e-19
1.37863e-19
-2.9982e-19
-1.4991e-19
-2.9982e-19
1.37863e-19
0
0
0
0
0
0
0
0
0
0
0
0
2.87774e-19
0
0
0
2.87774e-19
0
0
0
2.87774e-19
0
0
0
0
0
0
0
0
0
0
0
0
0
0
0
0
2.87774e-19
0
0
0
0
0
0
0
0
0
0
0
0
0
0
2.87774e-19
0
0
0
2.87774e-19
0
0
0
2.87774e-19
0
0
0
0
0
0
0
0
0
0
0
0
0
0
0
0
2.87774e-19
0
0
0
0
0
0
0
0
0
0
0
0
0
0
2.87774e-19
0
0
0
2.87774e-19
0
0
0
2.87774e-19
0
0
0
0
0
0
0
0
0
0
0
0
0
0
0
0
2.87774e-19
0
0
0
0
0
0
0
0
0
0
0
0
0
0
2.87774e-19
0
0
0
2.87774e-19
0
0
0
2.87774e-19
0
0
0
0
0
0
0
0
0
0
0
0
0
0
0
0
2.87774e-19
0
0
0
0
0
0
0
0
0
0
0
0
0
0
2.87774e-19
0
0
0
2.87774e-19
0
0
0
2.87774e-19
0
0
0
0
0
0
0
0
0
0
0
0
0
0
0
0
2.87774e-19
0
0
0
0
0
0
0
0
0
0
0
0
1.37863e-19
0
-1.4991e-19
0
1.37863e-19
0
-1.4991e-19
0
1.37863e-19
0
-1.4991e-19
2.87774e-19
0
0
0
0
0
0
0
0
0
0
0
0
0
1.37863e-19
0
-1.4991e-19
0
1.37863e-19
0
0
0
0
0
0
0
0
0
0
0
0
2.87774e-19
0
0
0
2.87774e-19
0
0
0
2.87774e-19
0
0
0
0
0
0
0
0
0
0
0
0
0
0
0
0
2.87774e-19
0
0
0
0
0
0
0
0
0
0
0
0
0
0
2.87774e-19
0
0
0
2.87774e-19
0
0
0
2.87774e-19
0
0
0
0
0
0
0
0
0
0
0
0
0
0
0
0
2.87774e-19
0
0
0
0
0
0
0
0
0
0
0
0
0
0
2.87774e-19
0
0
0
2.87774e-19
0
0
0
2.87774e-19
0
0
0
0
0
0
0
0
0
0
0
0
0
0
0
0
2.87774e-19
0
0
0
0
0
0
0
0
0
0
0
0
0
0
2.87774e-19
0
0
0
2.87774e-19
0
0
0
2.87774e-19
0
0
0
0
0
0
0
0
0
0
0
0
0
0
0
0
2.87774e-19
0
0
0
0
0
0
0
0
0
0
0
0
0
0
2.87774e-19
0
0
0
2.87774e-19
0
0
0
2.87774e-19
0
0
0
0
0
0
0
0
0
0
0
0
0
0
0
0
2.87774e-19
0
0
)
;

boundaryField
{
    inlet
    {
        type            calculated;
        value           uniform 0;
    }
    outlet
    {
        type            calculated;
        value           uniform 0;
    }
    bottom
    {
        type            symmetryPlane;
    }
    top
    {
        type            symmetryPlane;
    }
    obstacle
    {
        type            calculated;
        value           uniform 0;
    }
    defaultFaces
    {
        type            empty;
    }
}


// ************************************************************************* //
