x,y
0.1875,0.0025
0.1875,0.0075
0.1925,0.0125
0.1925,0.0175
0.1925,0.0225
0.1925,0.0275
0.1925,0.0325
0.1925,0.0375
0.1925,0.0425
0.1925,0.0475
0.1925,0.0525
0.1925,0.0575
0.1925,0.0625
0.1975,0.1975
0.201204,0.03288
0.201205,0.0378686
0.201207,0.0428573
0.203632,0.0485205
0.206075,0.0541064
0.210993,0.0601522
0.213475,0.0655431
0.215966,0.0708684
0.218467,0.0761314
0.223478,0.0816536
0.225998,0.0867618
0.231038,0.0920331
0.233567,0.09701
0.236098,0.101946
0.241153,0.106937
0.243683,0.111776
0.248737,0.116607
0.251262,0.121372
0.256306,0.126082
0.261341,0.130731
0.266365,0.135332
0.268868,0.140018
0.273874,0.144586
0.281367,0.148995
0.286346,0.153551
0.291316,0.158132
0.296264,0.182617
0.296268,0.177651
0.296272,0.172684
0.296276,0.167718
0.29628,0.162751
0.298797,0.0278913
0.298799,0.0229026
0.2988,0.0179139
0.298801,0.0129253
0.298803,0.00793659
0.3025,0.1575
0.3025,0.1625
0.3025,0.1675
0.3075,0.1725
0.3125,0.1775
0.3225,0.1825
0.3275,0.0125
0.3275,0.1875
0.3325,0.0175
0.3375,0.0225
0.3375,0.1925
0.3425,0.0275
0.3475,0.0325
0.3525,0.0375
0.3525,0.1975
0.3575,0.0425
0.3625,0.0475
0.3675,0.0525
0.3725,0.0575
0.3775,0.0625
0.3825,0.0675
0.3875,0.0725
0.3925,0.0775
0.3975,0.0825
0.4025,0.0875
0.4075,0.0925
