x,y
0.1925,0.0025
0.1925,0.0075
0.1925,0.0125
0.1925,0.0175
0.1925,0.0225
0.1925,0.0275
0.1925,0.0325
0.1925,0.0375
0.1925,0.0425
0.1925,0.0475
0.1925,0.0525
0.1925,0.0575
0.1975,0.1975
0.201203,0.0278913
0.201204,0.03288
0.201205,0.0378686
0.203628,0.0435539
0.206069,0.0491608
0.208524,0.0546925
0.213465,0.0606537
0.215956,0.0659955
0.218456,0.0712738
0.220964,0.0764921
0.225987,0.0819431
0.228511,0.0870119
0.233559,0.0922197
0.23609,0.0971629
0.241148,0.102165
0.24368,0.107007
0.248736,0.111842
0.253788,0.116586
0.256309,0.121314
0.258827,0.126027
0.266373,0.130542
0.268877,0.13522
0.273884,0.139767
0.278879,0.1443
0.283863,0.148835
0.288836,0.153384
0.293801,0.157963
0.296268,0.177651
0.296272,0.172684
0.296276,0.167718
0.29628,0.162751
0.298799,0.0229026
0.2988,0.0179139
0.298801,0.0129253
0.298803,0.00793659
0.3025,0.1575
0.3025,0.1625
0.3025,0.1675
0.3125,0.1725
0.3175,0.1775
0.3225,0.0125
0.3275,0.1825
0.3325,0.0175
0.3325,0.1875
0.3425,0.0225
0.3425,0.1925
0.3475,0.0275
0.3525,0.0325
0.3525,0.1975
0.3575,0.0375
0.3625,0.0425
0.3675,0.0475
0.3725,0.0525
0.3775,0.0575
0.3825,0.0625
0.3875,0.0675
0.3925,0.0725
0.3975,0.0775
0.3975,0.0825
0.4025,0.0875
