x,y
0.1925,0.0025
0.1925,0.0075
0.1925,0.0125
0.1925,0.0175
0.1925,0.0225
0.1925,0.0275
0.1925,0.0325
0.1925,0.0375
0.1925,0.0425
0.1925,0.0475
0.1925,0.0525
0.1975,0.1975
0.201201,0.0229026
0.201203,0.0278913
0.201204,0.03288
0.203625,0.0385874
0.206063,0.0442153
0.208517,0.0497669
0.213455,0.0557644
0.215945,0.0611226
0.218445,0.0664163
0.223456,0.0719927
0.225976,0.0771245
0.228501,0.0822039
0.231029,0.0872345
0.236083,0.0923798
0.238616,0.0972905
0.243676,0.102238
0.248736,0.107076
0.251264,0.111842
0.256313,0.116545
0.258832,0.121255
0.263865,0.125862
0.268887,0.130421
0.273895,0.134948
0.276389,0.139619
0.281378,0.144138
0.286356,0.148662
0.291323,0.153206
0.296272,0.172684
0.296276,0.167718
0.29628,0.162751
0.296283,0.157785
0.2988,0.0179139
0.298801,0.0129253
0.298803,0.00793659
0.3025,0.1525
0.3025,0.1575
0.3025,0.1625
0.3075,0.1675
0.3175,0.1725
0.3225,0.1775
0.3275,0.0125
0.3325,0.0175
0.3325,0.1825
0.3375,0.1875
0.3425,0.0225
0.3475,0.0275
0.3475,0.1925
0.3525,0.0325
0.3625,0.0375
0.3625,0.1975
0.3675,0.0425
0.3725,0.0475
0.3775,0.0525
0.3825,0.0575
0.3875,0.0625
0.3925,0.0675
0.3975,0.0725
0.4025,0.0775
0.4075,0.0825
0.4125,0.0875
