x,y
0.1925,0.0025
0.1925,0.0075
0.1925,0.0125
0.1925,0.0175
0.1925,0.0225
0.1925,0.0275
0.1925,0.0325
0.1925,0.0375
0.1925,0.0425
0.1925,0.0475
0.1975,0.1975
0.2012,0.0179139
0.201201,0.0229026
0.201203,0.0278913
0.203621,0.0336208
0.206057,0.0392697
0.208509,0.0448412
0.213445,0.050875
0.215934,0.0562497
0.218434,0.0615587
0.220941,0.0668052
0.225966,0.0723058
0.228491,0.0773959
0.233542,0.0826393
0.236075,0.0875967
0.241138,0.0926202
0.243673,0.0974692
0.248735,0.102311
0.251264,0.107076
0.256317,0.111776
0.261359,0.116399
0.263873,0.121078
0.268896,0.125623
0.273906,0.13013
0.2764,0.134789
0.281389,0.13928
0.286366,0.143773
0.291331,0.148281
0.296276,0.167718
0.29628,0.162751
0.296283,0.157785
0.296287,0.152818
0.298801,0.0129253
0.298803,0.00793659
0.3025,0.1475
0.3025,0.1525
0.3025,0.1575
0.3075,0.1625
0.3125,0.1675
0.3225,0.1725
0.3275,0.0125
0.3275,0.1775
0.3325,0.0175
0.3375,0.1825
0.3425,0.0225
0.3425,0.1875
0.3525,0.0275
0.3575,0.0325
0.3575,0.1925
0.3625,0.0375
0.3675,0.1975
0.3725,0.0425
0.3775,0.0475
0.3825,0.0525
0.3875,0.0575
0.3925,0.0625
0.3975,0.0675
0.4025,0.0725
0.4075,0.0775
0.4125,0.0825
