x,y
0.1925,0.0025
0.1925,0.0075
0.1925,0.0125
0.1925,0.0175
0.1925,0.0225
0.1925,0.0275
0.1925,0.0325
0.1925,0.0375
0.1925,0.0425
0.1975,0.1975
0.2012,0.0179139
0.201201,0.0229026
0.203617,0.0286542
0.206051,0.0343242
0.208501,0.0399155
0.210967,0.0454314
0.215924,0.0513768
0.218423,0.0567011
0.223434,0.0623318
0.225955,0.0674872
0.228481,0.0725879
0.23101,0.0776375
0.236068,0.0828136
0.238603,0.0877362
0.243669,0.0927004
0.246203,0.0975203
0.251265,0.102311
0.253793,0.107053
0.258842,0.11171
0.26388,0.116295
0.26639,0.120961
0.271408,0.125476
0.276411,0.129958
0.283895,0.134216
0.286376,0.138883
0.291339,0.143355
0.296276,0.167718
0.29628,0.162751
0.296283,0.157785
0.296287,0.152818
0.296291,0.147852
0.298801,0.0129253
0.298803,0.00793659
0.3025,0.1475
0.3025,0.1525
0.3075,0.1575
0.3125,0.1625
0.3175,0.1675
0.3275,0.0125
0.3275,0.1725
0.3325,0.1775
0.3375,0.0175
0.3425,0.0225
0.3425,0.1825
0.3475,0.1875
0.3525,0.0275
0.3625,0.0325
0.3625,0.1925
0.3675,0.0375
0.3725,0.0425
0.3725,0.1975
0.3825,0.0475
0.3875,0.0525
0.3925,0.0575
0.3975,0.0625
0.4025,0.0675
0.4075,0.0725
0.4125,0.0775
