x,y
0.1925,0.0025
0.1925,0.0075
0.1925,0.0125
0.1925,0.0175
0.1925,0.0225
0.1925,0.0275
0.1925,0.0325
0.1925,0.0375
0.1925,0.0425
0.1975,0.1975
0.201199,0.0129253
0.2012,0.0179139
0.203613,0.0236877
0.206045,0.0293786
0.208494,0.0349898
0.210958,0.0405244
0.213435,0.0459857
0.218412,0.0518435
0.220919,0.0571183
0.223434,0.0623318
0.22847,0.0677799
0.231001,0.072839
0.236061,0.0780305
0.238597,0.082959
0.243665,0.0879315
0.246201,0.0927538
0.248734,0.0975459
0.253795,0.102287
0.258847,0.106937
0.261366,0.111622
0.266399,0.116171
0.268905,0.120824
0.273917,0.125311
0.281411,0.129565
0.286385,0.133994
0.291346,0.138429
0.293819,0.143126
0.29628,0.162751
0.296283,0.157785
0.296287,0.152818
0.296291,0.147852
0.298803,0.00793659
0.3025,0.1425
0.3025,0.1475
0.3025,0.1525
0.3075,0.1575
0.3175,0.1625
0.3225,0.1675
0.3275,0.0125
0.3325,0.1725
0.3375,0.0175
0.3375,0.1775
0.3425,0.0225
0.3425,0.1825
0.3525,0.0275
0.3525,0.1875
0.3625,0.1925
0.3675,0.0325
0.3725,0.0375
0.3725,0.1975
0.3775,0.0425
0.3825,0.0475
0.3925,0.0525
0.3975,0.0575
0.4025,0.0625
0.4075,0.0675
0.4125,0.0725
0.4175,0.0775
