x,y
0.1925,0.0025
0.1925,0.0075
0.1925,0.0125
0.1925,0.0175
0.1925,0.0225
0.1925,0.0275
0.1925,0.0325
0.1925,0.0375
0.1975,0.1975
0.201199,0.0129253
0.2012,0.0179139
0.203613,0.0236877
0.208486,0.0300641
0.210949,0.0356175
0.213425,0.0410963
0.215913,0.0465039
0.220908,0.0522749
0.223423,0.0575013
0.225944,0.0626685
0.230991,0.0680405
0.233525,0.0730588
0.238591,0.0781818
0.241129,0.0830753
0.246199,0.0879874
0.248734,0.0927806
0.253797,0.0975203
0.258852,0.102165
0.261372,0.106845
0.266407,0.111381
0.268915,0.116026
0.273927,0.120492
0.278924,0.124927
0.283905,0.129343
0.288872,0.133756
0.293825,0.138181
0.296283,0.157785
0.296287,0.152818
0.296291,0.147852
0.296295,0.142885
0.298803,0.00793659
0.3025,0.1375
0.3025,0.1425
0.3025,0.1475
0.3075,0.1525
0.3125,0.1575
0.3225,0.1625
0.3275,0.0125
0.3275,0.1675
0.3375,0.0175
0.3375,0.1725
0.3425,0.0225
0.3425,0.1775
0.3525,0.0275
0.3525,0.1825
0.3575,0.1875
0.3675,0.0325
0.3675,0.1925
0.3775,0.0375
0.3825,0.0425
0.3825,0.1975
0.3875,0.0475
0.3975,0.0525
0.4025,0.0575
0.4075,0.0625
0.4125,0.0675
0.4175,0.0725
