x,y
0.1925,0.0025
0.1925,0.0075
0.1925,0.0125
0.1925,0.0175
0.1925,0.0225
0.1925,0.0275
0.1925,0.0325
0.1975,0.1975
0.201197,0.00793659
0.203605,0.0137546
0.206033,0.0194875
0.208478,0.0251384
0.21094,0.0307105
0.215892,0.0367581
0.218389,0.0421283
0.223401,0.0478404
0.225923,0.0530312
0.22845,0.058164
0.233508,0.0634784
0.238578,0.0686275
0.241119,0.0735305
0.246194,0.0784544
0.248732,0.08325
0.253801,0.0879874
0.256331,0.0927004
0.261384,0.0972905
0.263902,0.101946
0.268934,0.106429
0.273949,0.110855
0.278947,0.11524
0.281433,0.11985
0.286405,0.124215
0.291361,0.128578
0.296287,0.152818
0.296291,0.147852
0.296295,0.142885
0.296299,0.137918
0.296303,0.132952
0.3025,0.1325
0.3025,0.1375
0.3025,0.1425
0.3125,0.1475
0.3175,0.1525
0.3225,0.1575
0.3325,0.0125
0.3325,0.1625
0.3375,0.0175
0.3375,0.1675
0.3475,0.0225
0.3475,0.1725
0.3525,0.1775
0.3575,0.0275
0.3625,0.1825
0.3675,0.0325
0.3675,0.1875
0.3775,0.0375
0.3775,0.1925
0.3925,0.0425
0.3925,0.1975
0.3975,0.0475
0.4075,0.0525
0.4125,0.0575
0.4175,0.0625
0.4225,0.0675
