x,y
0.1975,0.1975
0.201197,0.00793659
0.203605,0.0137546
0.206033,0.0194875
0.210931,0.0258036
0.213405,0.0313177
0.215892,0.0367581
0.220885,0.042588
0.223401,0.0478404
0.22844,0.053356
0.230972,0.0584434
0.236038,0.0636812
0.238578,0.0686275
0.243655,0.0736249
0.246194,0.0784544
0.251268,0.08325
0.256335,0.0879315
0.258862,0.0926202
0.26391,0.0971629
0.266424,0.1018
0.271448,0.106244
0.278958,0.110396
0.281444,0.114992
0.286415,0.119326
0.291369,0.123652
0.296291,0.147852
0.296295,0.142885
0.296299,0.137918
0.296303,0.132952
0.296306,0.127985
0.3025,0.1275
0.3025,0.1325
0.3025,0.1375
0.3075,0.1425
0.3175,0.1475
0.3225,0.1525
0.3275,0.1575
0.3325,0.0125
0.3375,0.0175
0.3375,0.1625
0.3425,0.1675
0.3475,0.0225
0.3475,0.1725
0.3575,0.0275
0.3575,0.1775
0.3625,0.1825
0.3675,0.0325
0.3725,0.1875
0.3825,0.0375
0.3825,0.1925
0.3975,0.0425
0.3975,0.1975
0.4025,0.0475
0.4125,0.0525
0.4175,0.0575
0.4225,0.0625
