x,y
0.201196,0.00294792
0.203602,0.00878803
0.206027,0.0145419
0.208471,0.0202128
0.213395,0.0264283
0.215881,0.0318852
0.218378,0.0372707
0.22339,0.0430099
0.225912,0.0482126
0.230963,0.0536449
0.2335,0.0586881
0.241109,0.0639856
0.243651,0.0688561
0.248731,0.0737194
0.251269,0.0784847
0.256338,0.0831627
0.258867,0.0878478
0.263917,0.0923798
0.266433,0.09701
0.271458,0.101436
0.276466,0.105806
0.278958,0.110396
0.283938,0.114724
0.288899,0.119036
0.293843,0.123344
0.296295,0.142885
0.296299,0.137918
0.296303,0.132952
0.296306,0.127985
0.3025,0.1225
0.3025,0.1275
0.3025,0.1325
0.3075,0.1375
0.3125,0.1425
0.3225,0.1475
0.3275,0.1525
0.3325,0.0125
0.3325,0.1575
0.3425,0.0175
0.3425,0.1625
0.3475,0.0225
0.3475,0.1675
0.3525,0.1725
0.3625,0.0275
0.3625,0.1775
0.3725,0.0325
0.3725,0.1825
0.3775,0.0375
0.3775,0.1875
0.3875,0.1925
0.3925,0.0425
0.4025,0.1975
0.4075,0.0475
0.4175,0.0525
0.4225,0.0575
0.4275,0.0625
