x,y
0.203598,0.00382147
0.206021,0.00959638
0.208463,0.0152871
0.210922,0.0208966
0.213395,0.0264283
0.218367,0.0324131
0.220874,0.0377445
0.225901,0.0433939
0.230954,0.0488464
0.233491,0.0538979
0.238566,0.0590731
0.241109,0.0639856
0.24619,0.0689214
0.251269,0.0737194
0.253806,0.0784544
0.258871,0.0830753
0.261397,0.0877362
0.268962,0.0920331
0.271469,0.0966279
0.276478,0.100975
0.281467,0.105277
0.283948,0.109852
0.288908,0.114129
0.293849,0.118399
0.296295,0.142885
0.296299,0.137918
0.296303,0.132952
0.296306,0.127985
0.29631,0.123019
0.3025,0.1175
0.3025,0.1225
0.3025,0.1275
0.3075,0.1325
0.3125,0.1375
0.3175,0.1425
0.3275,0.1475
0.3325,0.0125
0.3325,0.1525
0.3375,0.1575
0.3425,0.0175
0.3425,0.1625
0.3525,0.0225
0.3525,0.1675
0.3575,0.1725
0.3625,0.0275
0.3675,0.1775
0.3725,0.0325
0.3725,0.1825
0.3825,0.0375
0.3825,0.1875
0.3925,0.0425
0.3925,0.1925
0.4075,0.1975
0.4125,0.0475
0.4225,0.0525
0.4275,0.0575
