x,y
0.206015,0.00465082
0.206021,0.00959638
0.208463,0.0152871
0.213385,0.021539
0.21587,0.0270123
0.220863,0.0329011
0.225891,0.0385753
0.22842,0.04374
0.233483,0.0491077
0.236024,0.0541149
0.241104,0.0592132
0.243648,0.0640872
0.24873,0.0689541
0.253808,0.0736879
0.258876,0.0783029
0.263932,0.0828136
0.26645,0.0874295
0.271479,0.0918199
0.273981,0.096399
0.27898,0.100709
0.283959,0.104979
0.286435,0.109547
0.291384,0.113801
0.296299,0.137918
0.296303,0.132952
0.296306,0.127985
0.29631,0.123019
0.296314,0.118052
0.3025,0.1175
0.3025,0.1225
0.3075,0.1275
0.3125,0.1325
0.3175,0.1375
0.3225,0.1425
0.3275,0.1475
0.3325,0.0125
0.3375,0.1525
0.3425,0.0175
0.3425,0.1575
0.3475,0.1625
0.3525,0.0225
0.3575,0.1675
0.3625,0.0275
0.3675,0.1725
0.3725,0.0325
0.3725,0.1775
0.3825,0.1825
0.3875,0.0375
0.3875,0.1875
0.3975,0.0425
0.3975,0.1925
0.4075,0.0475
0.4075,0.1975
