x,y
0.206015,0.00465082
0.208456,0.0103614
0.210913,0.0159897
0.213385,0.021539
0.218356,0.0275555
0.220863,0.0329011
0.225891,0.0385753
0.230944,0.0440478
0.236016,0.0493318
0.23856,0.0542959
0.243644,0.0593183
0.246188,0.0641549
0.25127,0.0689541
0.256345,0.0736249
0.261409,0.0781818
0.266458,0.0826393
0.268971,0.0872345
0.273992,0.0915804
0.276489,0.096145
0.281478,0.100419
0.286445,0.104658
0.291392,0.108875
0.296303,0.132952
0.296306,0.127985
0.29631,0.123019
0.296314,0.118052
0.296318,0.113086
0.3025,0.1125
0.3025,0.1175
0.3025,0.1225
0.3075,0.1275
0.3175,0.1325
0.3225,0.1375
0.3275,0.1425
0.3325,0.0125
0.3325,0.1475
0.3425,0.0175
0.3425,0.1525
0.3475,0.1575
0.3525,0.0225
0.3525,0.1625
0.3625,0.0275
0.3625,0.1675
0.3675,0.1725
0.3775,0.0325
0.3775,0.1775
0.3825,0.1825
0.3875,0.0375
0.3925,0.1875
0.3975,0.0425
0.4025,0.1925
0.4075,0.0475
0.4125,0.1975
