x,y
0.208448,0.00543569
0.208456,0.0103614
0.213375,0.0166496
0.21586,0.0221395
0.218356,0.0275555
0.223367,0.033349
0.22841,0.038932
0.233474,0.0443174
0.236016,0.0493318
0.241099,0.0544408
0.246186,0.0593884
0.251271,0.0641888
0.256349,0.0688561
0.258881,0.0735305
0.263939,0.0780305
0.266458,0.0826393
0.274002,0.0867618
0.2765,0.0913145
0.281489,0.0955618
0.286455,0.0997685
0.288926,0.104315
0.296306,0.127985
0.29631,0.123019
0.296314,0.118052
0.296318,0.113086
0.296322,0.108119
0.3025,0.1075
0.3025,0.1125
0.3025,0.1175
0.3075,0.1225
0.3125,0.1275
0.3175,0.1325
0.3275,0.1375
0.3325,0.1425
0.3375,0.0125
0.3375,0.1475
0.3425,0.1525
0.3475,0.0175
0.3525,0.1575
0.3575,0.0225
0.3575,0.1625
0.3675,0.0275
0.3675,0.1675
0.3725,0.0325
0.3725,0.1725
0.3825,0.1775
0.3875,0.0375
0.3875,0.1825
0.3975,0.0425
0.3975,0.1875
0.4075,0.1925
0.4225,0.1975
