x,y
0.206015,0.00465082
0.210904,0.0110828
0.213375,0.0166496
0.218345,0.0226979
0.223356,0.0285185
0.228399,0.034124
0.233466,0.0395272
0.236009,0.0445487
0.241094,0.0496684
0.248728,0.0546582
0.251272,0.0594235
0.256352,0.0640872
0.258886,0.0687581
0.266475,0.0730588
0.26899,0.0776375
0.274013,0.0819431
0.279014,0.086179
0.2815,0.0907042
0.286465,0.0948792
0.291407,0.0990237
0.29631,0.123019
0.296314,0.118052
0.296318,0.113086
0.296322,0.108119
0.296326,0.103153
0.3025,0.1025
0.3025,0.1075
0.3075,0.1125
0.3125,0.1175
0.3175,0.1225
0.3225,0.1275
0.3275,0.1325
0.3375,0.0125
0.3375,0.1375
0.3425,0.1425
0.3475,0.0175
0.3475,0.1475
0.3525,0.1525
0.3575,0.0225
0.3625,0.1575
0.3675,0.0275
0.3675,0.1625
0.3775,0.1675
0.3825,0.0325
0.3825,0.1725
0.3925,0.0375
0.3925,0.1775
0.4025,0.0425
0.4025,0.1825
0.4075,0.1875
0.4175,0.1925
0.4325,0.1975
