x,y
0.203598,0.00382147
0.210904,0.0110828
0.215849,0.0172666
0.218345,0.0226979
0.223356,0.0285185
0.228399,0.034124
0.233466,0.0395272
0.238547,0.0447416
0.243637,0.0497806
0.248728,0.0546582
0.251272,0.0594235
0.258891,0.0639856
0.261422,0.0686275
0.266475,0.0730588
0.274024,0.0771245
0.276522,0.0816536
0.281511,0.0858466
0.286475,0.0899898
0.288944,0.0945008
0.293872,0.0986164
0.296314,0.118052
0.296318,0.113086
0.296322,0.108119
0.296326,0.103153
0.3025,0.0975
0.3025,0.1025
0.3025,0.1075
0.3075,0.1125
0.3175,0.1175
0.3225,0.1225
0.3275,0.1275
0.3325,0.1325
0.3375,0.0125
0.3375,0.1375
0.3425,0.1425
0.3475,0.0175
0.3525,0.1475
0.3575,0.0225
0.3625,0.1525
0.3625,0.1575
0.3675,0.0275
0.3725,0.1625
0.3775,0.0325
0.3775,0.1675
0.3875,0.1725
0.3925,0.0375
0.3975,0.1775
0.4025,0.1825
0.4125,0.1875
0.4225,0.1925
0.4375,0.1975
