x,y
0.206015,0.00465082
0.210904,0.0110828
0.215849,0.0172666
0.220841,0.0232142
0.225869,0.028938
0.230925,0.0344508
0.236001,0.0397656
0.241089,0.0448959
0.246181,0.0498555
0.251272,0.0546582
0.253814,0.0593884
0.261428,0.0638503
0.263954,0.0684643
0.268999,0.072839
0.271509,0.0773959
0.279025,0.0813355
0.284002,0.0854871
0.286475,0.0899898
0.293878,0.0936708
0.296314,0.118052
0.296318,0.113086
0.296322,0.108119
0.296326,0.103153
0.296329,0.098186
0.3025,0.0975
0.3025,0.1025
0.3075,0.1075
0.3125,0.1125
0.3175,0.1175
0.3225,0.1225
0.3325,0.1275
0.3375,0.0125
0.3375,0.1325
0.3425,0.1375
0.3525,0.0175
0.3525,0.1425
0.3575,0.0225
0.3575,0.1475
0.3625,0.1525
0.3675,0.0275
0.3725,0.1575
0.3775,0.1625
0.3825,0.0325
0.3875,0.1675
0.3925,0.0375
0.3925,0.1725
0.4025,0.1775
0.4075,0.1825
0.4175,0.1875
0.4275,0.1925
0.4375,0.1975
