x,y
0.206015,0.00465082
0.210904,0.0110828
0.215849,0.0172666
0.220841,0.0232142
0.228389,0.029316
0.230925,0.0344508
0.238541,0.0399644
0.241089,0.0448959
0.248727,0.0498929
0.251272,0.0546582
0.256356,0.0593183
0.263962,0.0636812
0.266483,0.0682686
0.271519,0.0725879
0.274024,0.0771245
0.281522,0.080989
0.286485,0.0851005
0.291422,0.0891723
0.296318,0.113086
0.296322,0.108119
0.296326,0.103153
0.296329,0.098186
0.296333,0.0932195
0.3025,0.0925
0.3025,0.0975
0.3025,0.1025
0.3125,0.1075
0.3175,0.1125
0.3225,0.1175
0.3275,0.1225
0.3375,0.1275
0.3425,0.0125
0.3425,0.1325
0.3475,0.1375
0.3525,0.0175
0.3525,0.1425
0.3575,0.0225
0.3625,0.1475
0.3675,0.1525
0.3725,0.0275
0.3775,0.1575
0.3825,0.0325
0.3825,0.1625
0.3875,0.1675
0.3975,0.0375
0.3975,0.1725
0.4075,0.1775
0.4125,0.1825
0.4225,0.1875
0.4325,0.1925
0.4475,0.1975
