x,y
0.206015,0.00465082
0.213365,0.0117603
0.215849,0.0172666
0.220841,0.0232142
0.228389,0.029316
0.230925,0.0344508
0.238541,0.0399644
0.241089,0.0448959
0.248727,0.0498929
0.251272,0.0546582
0.258896,0.0592132
0.263962,0.0636812
0.266483,0.0682686
0.274034,0.0723058
0.276533,0.0768231
0.281522,0.080989
0.288962,0.084687
0.291422,0.0891723
0.296318,0.113086
0.296322,0.108119
0.296326,0.103153
0.296329,0.098186
0.296333,0.0932195
0.3025,0.0875
0.3025,0.0925
0.3025,0.0975
0.3075,0.1025
0.3125,0.1075
0.3175,0.1125
0.3275,0.1175
0.3325,0.1225
0.3375,0.1275
0.3425,0.0125
0.3475,0.1325
0.3525,0.0175
0.3525,0.1375
0.3625,0.0225
0.3625,0.1425
0.3625,0.1475
0.3725,0.0275
0.3725,0.1525
0.3775,0.1575
0.3875,0.0325
0.3875,0.1625
0.3925,0.1675
0.3975,0.0375
0.4025,0.1725
0.4125,0.1775
0.4175,0.1825
0.4275,0.1875
0.4375,0.1925
0.4525,0.1975
