x,y
0.206015,0.00465082
0.213365,0.0117603
0.218334,0.0178403
0.223345,0.023688
0.228389,0.029316
0.233457,0.034737
0.241084,0.0401235
0.243633,0.0450118
0.251273,0.0498929
0.253816,0.054622
0.261434,0.0590731
0.263962,0.0636812
0.269009,0.0680405
0.276544,0.0719927
0.281533,0.0761314
0.284012,0.0806142
0.29143,0.0842467
0.296322,0.108119
0.296326,0.103153
0.296329,0.098186
0.296333,0.0932195
0.296337,0.0882529
0.3025,0.0875
0.3025,0.0925
0.3025,0.0975
0.3125,0.1025
0.3175,0.1075
0.3225,0.1125
0.3275,0.1175
0.3375,0.1225
0.3425,0.0125
0.3425,0.1275
0.3525,0.0175
0.3525,0.1325
0.3575,0.1375
0.3625,0.0225
0.3625,0.1425
0.3675,0.1475
0.3775,0.0275
0.3775,0.1525
0.3875,0.0325
0.3875,0.1575
0.3925,0.1625
0.3975,0.0375
0.3975,0.1675
0.4075,0.1725
0.4175,0.1775
0.4225,0.1825
0.4325,0.1875
0.4425,0.1925
0.4525,0.1975
