x,y
0.203598,0.00382147
0.210904,0.0110828
0.218334,0.0178403
0.225858,0.0241194
0.230916,0.0296523
0.238535,0.0351872
0.241084,0.0401235
0.248726,0.0451276
0.256363,0.0497806
0.258901,0.0544408
0.2665,0.0586881
0.269018,0.0632419
0.274045,0.0674872
0.281544,0.0712738
0.284023,0.0757413
0.293896,0.0788342
0.296326,0.103153
0.296329,0.098186
0.296333,0.0932195
0.296337,0.0882529
0.296341,0.0832863
0.3025,0.0825
0.3025,0.0875
0.3075,0.0925
0.3125,0.0975
0.3175,0.1025
0.3275,0.1075
0.3325,0.1125
0.3425,0.1175
0.3475,0.0125
0.3475,0.1225
0.3525,0.1275
0.3575,0.0175
0.3625,0.1325
0.3675,0.0225
0.3675,0.1375
0.3775,0.1425
0.3825,0.0275
0.3825,0.1475
0.3925,0.1525
0.4025,0.1575
0.4075,0.1625
0.4125,0.1675
0.4225,0.1725
0.4275,0.1775
0.4375,0.1825
0.4475,0.1875
0.4575,0.1925
0.4725,0.1975
