x,y
0.208448,0.00543569
0.215838,0.0123937
0.220829,0.0183707
0.225858,0.0241194
0.230916,0.0296523
0.238535,0.0351872
0.24363,0.0402429
0.251274,0.0451276
0.258906,0.0496684
0.26144,0.0542959
0.269028,0.0584434
0.27154,0.062972
0.279059,0.0668052
0.281544,0.0712738
0.28898,0.0748731
0.296326,0.103153
0.296329,0.098186
0.296333,0.0932195
0.296337,0.0882529
0.296341,0.0832863
0.296345,0.0783198
0.3025,0.0775
0.3025,0.0825
0.3025,0.0875
0.3075,0.0925
0.3175,0.0975
0.3225,0.1025
0.3325,0.1075
0.3375,0.1125
0.3425,0.1175
0.3475,0.0125
0.3525,0.1225
0.3575,0.0175
0.3575,0.1275
0.3675,0.1325
0.3725,0.0225
0.3725,0.1375
0.3825,0.1425
0.3875,0.0275
0.3925,0.1475
0.3975,0.1525
0.4025,0.1575
0.4125,0.1625
0.4175,0.1675
0.4275,0.1725
0.4325,0.1775
0.4425,0.1825
0.4525,0.1875
0.4625,0.1925
0.4775,0.1975
