x,y
0.206015,0.00465082
0.213365,0.0117603
0.220829,0.0183707
0.228379,0.024508
0.235986,0.0301994
0.243626,0.035474
0.246177,0.0403225
0.253821,0.045089
0.261447,0.0495188
0.263976,0.0541149
0.27155,0.058164
0.27907,0.0619618
0.284044,0.0659955
0.288989,0.0699661
0.291445,0.0743953
0.296329,0.098186
0.296333,0.0932195
0.296337,0.0882529
0.296341,0.0832863
0.296345,0.0783198
0.3025,0.0775
0.3025,0.0825
0.3125,0.0875
0.3175,0.0925
0.3225,0.0975
0.3325,0.1025
0.3375,0.1075
0.3475,0.1125
0.3525,0.0125
0.3525,0.1175
0.3625,0.0175
0.3625,0.1225
0.3725,0.0225
0.3725,0.1275
0.3775,0.1325
0.3875,0.0275
0.3875,0.1375
0.3975,0.1425
0.4025,0.1475
0.4125,0.1525
0.4175,0.1575
0.4275,0.1625
0.4375,0.1675
0.4425,0.1725
0.4525,0.1775
0.4625,0.1825
0.4675,0.1875
0.4825,0.1925
0.4875,0.1975
