x,y
0.203598,0.00382147
0.218323,0.0129827
0.225848,0.0193007
0.228379,0.024508
0.235986,0.0301994
0.243626,0.035474
0.246177,0.0403225
0.253821,0.045089
0.263984,0.0493318
0.266509,0.0538979
0.274067,0.0578499
0.276566,0.0623318
0.284044,0.0659955
0.286515,0.0704324
0.293902,0.0738886
0.296333,0.0932195
0.296337,0.0882529
0.296341,0.0832863
0.296345,0.0783198
0.3025,0.0725
0.3025,0.0775
0.3075,0.0825
0.3125,0.0875
0.3225,0.0925
0.3275,0.0975
0.3375,0.1025
0.3425,0.1075
0.3525,0.0125
0.3525,0.1125
0.3625,0.0175
0.3625,0.1175
0.3675,0.1225
0.3725,0.1275
0.3775,0.0225
0.3875,0.1325
0.3925,0.0275
0.3925,0.1375
0.3975,0.1425
0.4125,0.1475
0.4125,0.1525
0.4225,0.1575
0.4325,0.1625
0.4375,0.1675
0.4475,0.1725
0.4575,0.1775
0.4625,0.1825
0.4725,0.1875
0.4825,0.1925
0.4875,0.1975
