x,y
0.206015,0.00465082
0.213365,0.0117603
0.223334,0.0188576
0.228379,0.024508
0.235986,0.0301994
0.243626,0.035474
0.248726,0.0403623
0.256367,0.0450118
0.258906,0.0496684
0.269037,0.0536449
0.27155,0.058164
0.27907,0.0619618
0.281555,0.0664163
0.288989,0.0699661
0.296333,0.0932195
0.296337,0.0882529
0.296341,0.0832863
0.296345,0.0783198
0.296349,0.0733532
0.3025,0.0725
0.3025,0.0775
0.3075,0.0825
0.3125,0.0875
0.3225,0.0925
0.3325,0.0975
0.3375,0.1025
0.3475,0.1075
0.3525,0.0125
0.3525,0.1125
0.3625,0.0175
0.3625,0.1175
0.3725,0.1225
0.3775,0.0225
0.3775,0.1275
0.3875,0.1325
0.3925,0.0275
0.3925,0.1375
0.4025,0.1425
0.4125,0.1475
0.4175,0.1525
0.4275,0.1575
0.4375,0.1625
0.4425,0.1675
0.4525,0.1725
0.4625,0.1775
0.4725,0.1825
0.4775,0.1875
0.4875,0.1975
