x,y
0.208448,0.00543569
0.215838,0.0123937
0.223334,0.0188576
0.230907,0.0248537
0.238528,0.03041
0.246175,0.035556
0.253823,0.0403225
0.256367,0.0450118
0.263984,0.0493318
0.27156,0.053356
0.274067,0.0578499
0.281566,0.0615587
0.288998,0.0650592
0.291453,0.0694696
0.296333,0.0932195
0.296337,0.0882529
0.296341,0.0832863
0.296345,0.0783198
0.296349,0.0733532
0.3025,0.0675
0.3025,0.0725
0.3025,0.0775
0.3125,0.0825
0.3175,0.0875
0.3275,0.0925
0.3375,0.0975
0.3425,0.1025
0.3525,0.0125
0.3525,0.1075
0.3575,0.1125
0.3675,0.0175
0.3675,0.1175
0.3775,0.1225
0.3825,0.0225
0.3825,0.1275
0.3925,0.1325
0.3975,0.0275
0.4075,0.1375
0.4125,0.1425
0.4175,0.1475
0.4325,0.1525
0.4375,0.1575
0.4475,0.1625
0.4575,0.1675
0.4625,0.1725
0.4725,0.1775
0.4825,0.1825
0.4875,0.1975
