x,y
0.210895,0.00617581
0.218323,0.0129827
0.225848,0.0193007
0.23344,0.0251565
0.241074,0.0305787
0.243626,0.035474
0.251274,0.0403623
0.258911,0.0448959
0.263984,0.0493318
0.27156,0.053356
0.274067,0.0578499
0.281566,0.0615587
0.291461,0.0645439
0.293908,0.0689431
0.296337,0.0882529
0.296341,0.0832863
0.296345,0.0783198
0.296349,0.0733532
0.3025,0.0675
0.3025,0.0725
0.3075,0.0775
0.3175,0.0825
0.3225,0.0875
0.3325,0.0925
0.3425,0.0975
0.3475,0.1025
0.3575,0.0125
0.3575,0.1075
0.3675,0.0175
0.3675,0.1125
0.3725,0.1175
0.3825,0.0225
0.3825,0.1225
0.3925,0.1275
0.3975,0.0275
0.3975,0.1325
0.4075,0.1375
0.4175,0.1425
0.4225,0.1475
0.4325,0.1525
0.4425,0.1575
0.4525,0.1625
0.4575,0.1675
0.4675,0.1725
0.4775,0.1775
0.4875,0.1975
