x,y
0.208448,0.00543569
0.215838,0.0123937
0.225848,0.0193007
0.230907,0.0248537
0.238528,0.03041
0.246175,0.035556
0.253823,0.0403225
0.261453,0.0447416
0.263984,0.0493318
0.274077,0.0530312
0.276577,0.0575013
0.284055,0.0611226
0.286525,0.0655431
0.296337,0.0882529
0.296341,0.0832863
0.296345,0.0783198
0.296349,0.0733532
0.296352,0.0683867
0.3025,0.0675
0.3025,0.0725
0.3075,0.0775
0.3175,0.0825
0.3225,0.0875
0.3325,0.0925
0.3425,0.0975
0.3475,0.1025
0.3575,0.0125
0.3575,0.1075
0.3675,0.0175
0.3725,0.1125
0.3725,0.1175
0.3875,0.0225
0.3875,0.1225
0.3975,0.1275
0.4025,0.0275
0.4025,0.1325
0.4125,0.1375
0.4225,0.1425
0.4275,0.1475
0.4375,0.1525
0.4475,0.1575
0.4575,0.1625
0.4625,0.1675
0.4725,0.1725
0.4825,0.1775
0.4875,0.1975
