x,y
0.206015,0.00465082
0.220818,0.0135273
0.228369,0.0197
0.235979,0.0254163
0.243622,0.0307052
0.246175,0.035556
0.253823,0.0403225
0.261453,0.0447416
0.263984,0.0493318
0.27156,0.053356
0.279081,0.0571183
0.286535,0.0606537
0.288998,0.0650592
0.296337,0.0882529
0.296341,0.0832863
0.296345,0.0783198
0.296349,0.0733532
0.296352,0.0683867
0.3025,0.0675
0.3025,0.0725
0.3125,0.0775
0.3225,0.0825
0.3275,0.0875
0.3375,0.0925
0.3475,0.0975
0.3525,0.1025
0.3575,0.0125
0.3625,0.1075
0.3725,0.0175
0.3725,0.1125
0.3775,0.1175
0.3825,0.0225
0.3875,0.1225
0.3975,0.0275
0.4025,0.1275
0.4075,0.1325
0.4175,0.1375
0.4275,0.1425
0.4325,0.1475
0.4425,0.1525
0.4525,0.1575
0.4625,0.1625
0.4675,0.1675
0.4775,0.1725
