x,y
0.206015,0.00465082
0.215838,0.0123937
0.228369,0.0197
0.230907,0.0248537
0.238528,0.03041
0.246175,0.035556
0.25637,0.0402429
0.258911,0.0448959
0.269046,0.0488464
0.276588,0.0526708
0.279081,0.0571183
0.289007,0.0601522
0.291461,0.0645439
0.296337,0.0882529
0.296341,0.0832863
0.296345,0.0783198
0.296349,0.0733532
0.296352,0.0683867
0.3025,0.0625
0.3025,0.0675
0.3025,0.0725
0.3125,0.0775
0.3225,0.0825
0.3275,0.0875
0.3375,0.0925
0.3525,0.0975
0.3525,0.1025
0.3575,0.0125
0.3625,0.1075
0.3725,0.0175
0.3775,0.1125
0.3825,0.1175
0.3875,0.0225
0.3925,0.1225
0.4025,0.0275
0.4025,0.1275
0.4075,0.1325
0.4175,0.1375
0.4275,0.1425
0.4425,0.1475
0.4475,0.1525
0.4575,0.1575
0.4675,0.1625
0.4725,0.1675
0.4825,0.1725
