x,y
0.203598,0.00382147
0.218323,0.0129827
0.228369,0.0197
0.235979,0.0254163
0.243622,0.0307052
0.251275,0.035597
0.258916,0.0401235
0.261453,0.0447416
0.269046,0.0488464
0.276588,0.0526708
0.279081,0.0571183
0.289007,0.0601522
0.293914,0.0639975
0.296341,0.0832863
0.296345,0.0783198
0.296349,0.0733532
0.296352,0.0683867
0.3025,0.0625
0.3025,0.0675
0.3025,0.0725
0.3125,0.0775
0.3225,0.0825
0.3375,0.0875
0.3375,0.0925
0.3525,0.0975
0.3625,0.0125
0.3625,0.1025
0.3675,0.1075
0.3775,0.0175
0.3775,0.1125
0.3875,0.0225
0.3875,0.1175
0.3925,0.1225
0.4025,0.1275
0.4075,0.0275
0.4125,0.1325
0.4225,0.1375
0.4325,0.1425
0.4425,0.1475
0.4525,0.1525
0.4625,0.1575
0.4725,0.1625
0.4775,0.1675
