x,y
0.208448,0.00543569
0.218323,0.0129827
0.225848,0.0193007
0.23344,0.0251565
0.241074,0.0305787
0.248725,0.035597
0.25637,0.0402429
0.266526,0.0443174
0.269046,0.0488464
0.279092,0.0522749
0.281577,0.0567011
0.289007,0.0601522
0.291461,0.0645439
0.296341,0.0832863
0.296345,0.0783198
0.296349,0.0733532
0.296352,0.0683867
0.3025,0.0625
0.3025,0.0675
0.3075,0.0725
0.3175,0.0775
0.3225,0.0825
0.3325,0.0875
0.3425,0.0925
0.3575,0.0975
0.3625,0.0125
0.3625,0.1025
0.3725,0.1075
0.3775,0.0175
0.3825,0.1125
0.3875,0.1175
0.3925,0.0225
0.3975,0.1225
0.4075,0.0275
0.4075,0.1275
0.4175,0.1325
0.4275,0.1375
0.4375,0.1425
0.4475,0.1475
0.4575,0.1525
0.4625,0.1575
0.4725,0.1625
0.4825,0.1675
