x,y
0.210895,0.00617581
0.218323,0.0129827
0.228369,0.0197
0.235979,0.0254163
0.243622,0.0307052
0.251275,0.035597
0.258916,0.0401235
0.263991,0.0445487
0.27157,0.048548
0.274077,0.0530312
0.284066,0.0562497
0.291468,0.0596182
0.293914,0.0639975
0.296341,0.0832863
0.296345,0.0783198
0.296349,0.0733532
0.296352,0.0683867
0.3025,0.0625
0.3025,0.0675
0.3075,0.0725
0.3175,0.0775
0.3275,0.0825
0.3325,0.0875
0.3475,0.0925
0.3575,0.0975
0.3625,0.0125
0.3625,0.1025
0.3725,0.0175
0.3725,0.1075
0.3825,0.1125
0.3925,0.0225
0.3925,0.1175
0.3975,0.1225
0.4125,0.1275
0.4225,0.1325
0.4275,0.1375
0.4375,0.1425
0.4475,0.1475
0.4625,0.1525
0.4675,0.1575
0.4775,0.1625
