x,y
0.208448,0.00543569
0.215838,0.0123937
0.230897,0.0200552
0.238522,0.0256329
0.241074,0.0305787
0.248725,0.035597
0.258916,0.0401235
0.269056,0.0440478
0.27157,0.048548
0.279092,0.0522749
0.281577,0.0567011
0.291468,0.0596182
0.293914,0.0639975
0.296341,0.0832863
0.296345,0.0783198
0.296349,0.0733532
0.296352,0.0683867
0.3025,0.0625
0.3025,0.0675
0.3125,0.0725
0.3225,0.0775
0.3275,0.0825
0.3375,0.0875
0.3475,0.0925
0.3575,0.0975
0.3625,0.0125
0.3675,0.1025
0.3775,0.0175
0.3775,0.1075
0.3875,0.1125
0.3925,0.0225
0.3975,0.1175
0.4025,0.1225
0.4125,0.1275
0.4275,0.1325
0.4375,0.1375
0.4425,0.1425
0.4525,0.1475
0.4625,0.1525
0.4725,0.1575
0.4825,0.1625
