x,y
0.203598,0.00382147
0.220818,0.0135273
0.228369,0.0197
0.235979,0.0254163
0.243622,0.0307052
0.251275,0.035597
0.261459,0.0399644
0.263991,0.0445487
0.274088,0.0482126
0.276588,0.0526708
0.284066,0.0562497
0.29392,0.059052
0.296341,0.0832863
0.296345,0.0783198
0.296349,0.0733532
0.296352,0.0683867
0.296356,0.0634201
0.3025,0.0575
0.3025,0.0625
0.3025,0.0675
0.3125,0.0725
0.3225,0.0775
0.3325,0.0825
0.3375,0.0875
0.3525,0.0925
0.3625,0.0125
0.3625,0.0975
0.3675,0.1025
0.3775,0.0175
0.3775,0.1075
0.3875,0.1125
0.3975,0.0225
0.4025,0.1175
0.4075,0.1225
0.4175,0.1275
0.4275,0.1325
0.4425,0.1375
0.4475,0.1425
0.4575,0.1475
0.4675,0.1525
0.4775,0.1575
