x,y
0.208448,0.00543569
0.218323,0.0129827
0.230897,0.0200552
0.235979,0.0254163
0.248724,0.0308317
0.251275,0.035597
0.258916,0.0401235
0.269056,0.0440478
0.27157,0.048548
0.279092,0.0522749
0.289015,0.0552453
0.291468,0.0596182
0.296345,0.0783198
0.296349,0.0733532
0.296352,0.0683867
0.296356,0.0634201
0.3025,0.0575
0.3025,0.0625
0.3075,0.0675
0.3175,0.0725
0.3225,0.0775
0.3325,0.0825
0.3475,0.0875
0.3525,0.0925
0.3625,0.0125
0.3625,0.0975
0.3725,0.1025
0.3825,0.0175
0.3825,0.1075
0.3925,0.0225
0.3925,0.1125
0.4025,0.1175
0.4125,0.1225
0.4275,0.1275
0.4325,0.1325
0.4425,0.1375
0.4525,0.1425
0.4675,0.1475
0.4725,0.1525
0.4825,0.1575
