x,y
0.206015,0.00465082
0.220818,0.0135273
0.230897,0.0200552
0.235979,0.0254163
0.246173,0.0307895
0.253825,0.035556
0.261459,0.0399644
0.269056,0.0440478
0.27157,0.048548
0.284066,0.0562497
0.284076,0.0513768
0.29392,0.059052
0.296345,0.0783198
0.296349,0.0733532
0.296352,0.0683867
0.296356,0.0634201
0.3025,0.0575
0.3025,0.0625
0.3075,0.0675
0.3175,0.0725
0.3275,0.0775
0.3375,0.0825
0.3425,0.0875
0.3525,0.0925
0.3625,0.0125
0.3625,0.0975
0.3775,0.1025
0.3825,0.0175
0.3825,0.1075
0.3925,0.0225
0.3925,0.1125
0.4025,0.1175
0.4175,0.1225
0.4225,0.1275
0.4325,0.1325
0.4425,0.1375
0.4525,0.1425
0.4675,0.1475
0.4775,0.1525
