x,y
0.208448,0.00543569
0.218323,0.0129827
0.233432,0.0203663
0.241069,0.0258062
0.248724,0.0308317
0.256374,0.035474
0.263999,0.0397656
0.27158,0.04374
0.274088,0.0482126
0.286545,0.0557644
0.286555,0.050875
0.296345,0.0783198
0.296349,0.0733532
0.296352,0.0683867
0.296356,0.0634201
0.29636,0.0584536
0.3025,0.0575
0.3025,0.0625
0.3175,0.0675
0.3225,0.0725
0.3275,0.0775
0.3425,0.0825
0.3525,0.0875
0.3625,0.0925
0.3725,0.0125
0.3775,0.0975
0.3825,0.0175
0.3825,0.1025
0.3925,0.1075
0.4025,0.1125
0.4075,0.0225
0.4175,0.1175
0.4275,0.1225
0.4425,0.1275
0.4425,0.1325
0.4575,0.1375
0.4675,0.1425
0.4775,0.1475
