x,y
0.210895,0.00617581
0.220818,0.0135273
0.235972,0.0206332
0.238522,0.0256329
0.246173,0.0307895
0.258921,0.0353511
0.266534,0.0395272
0.269056,0.0440478
0.276599,0.0478404
0.286555,0.050875
0.289015,0.0552453
0.296345,0.0783198
0.296349,0.0733532
0.296352,0.0683867
0.296356,0.0634201
0.29636,0.0584536
0.3025,0.0525
0.3025,0.0575
0.3025,0.0625
0.3125,0.0675
0.3225,0.0725
0.3325,0.0775
0.3425,0.0825
0.3525,0.0875
0.3625,0.0925
0.3675,0.0125
0.3725,0.0975
0.3825,0.0175
0.3875,0.1025
0.3975,0.1075
0.4075,0.0225
0.4125,0.1125
0.4125,0.1175
0.4275,0.1225
0.4375,0.1275
0.4525,0.1325
0.4625,0.1375
0.4725,0.1425
0.4825,0.1475
