x,y
0.206015,0.00465082
0.223323,0.0140271
0.230897,0.0200552
0.238522,0.0256329
0.248724,0.0308317
0.256374,0.035474
0.263999,0.0397656
0.27158,0.04374
0.279103,0.0474314
0.284076,0.0513768
0.291476,0.0546925
0.296349,0.0733532
0.296352,0.0683867
0.296356,0.0634201
0.29636,0.0584536
0.3025,0.0525
0.3025,0.0575
0.3025,0.0625
0.3175,0.0675
0.3275,0.0725
0.3375,0.0775
0.3475,0.0825
0.3575,0.0875
0.3675,0.0925
0.3725,0.0125
0.3825,0.0975
0.3875,0.1025
0.3925,0.0175
0.3975,0.1075
0.4125,0.1125
0.4225,0.1175
0.4375,0.1225
0.4475,0.1275
0.4625,0.1325
0.4675,0.1375
0.4775,0.1425
