x,y
0.210895,0.00617581
0.220818,0.0135273
0.235972,0.0206332
0.243619,0.0259363
0.246173,0.0307895
0.258921,0.0353511
0.269065,0.0392493
0.27158,0.04374
0.281599,0.0469859
0.291476,0.0546925
0.291483,0.0497669
0.296349,0.0733532
0.296352,0.0683867
0.296356,0.0634201
0.29636,0.0584536
0.3025,0.0525
0.3025,0.0575
0.3075,0.0625
0.3225,0.0675
0.3275,0.0725
0.3375,0.0775
0.3525,0.0825
0.3625,0.0875
0.3775,0.0125
0.3775,0.0925
0.3825,0.0975
0.3925,0.0175
0.3925,0.1025
0.4075,0.1075
0.4175,0.1125
0.4275,0.1175
0.4425,0.1225
0.4575,0.1275
0.4675,0.1325
0.4725,0.1375
