x,y
0.206015,0.00465082
0.223323,0.0140271
0.233432,0.0203663
0.241069,0.0258062
0.248724,0.0308317
0.258921,0.0353511
0.266534,0.0395272
0.274099,0.0433939
0.284087,0.0465039
0.286555,0.050875
0.296349,0.0733532
0.296352,0.0683867
0.296356,0.0634201
0.29636,0.0584536
0.296364,0.053487
0.3025,0.0525
0.3025,0.0575
0.3125,0.0625
0.3175,0.0675
0.3325,0.0725
0.3425,0.0775
0.3575,0.0825
0.3625,0.0875
0.3725,0.0925
0.3775,0.0125
0.3875,0.0175
0.3875,0.0975
0.4025,0.1025
0.4075,0.1075
0.4175,0.1125
0.4325,0.1175
0.4475,0.1225
0.4525,0.1275
0.4675,0.1325
0.4775,0.1375
