x,y
0.206015,0.00465082
0.223323,0.0140271
0.233432,0.0203663
0.241069,0.0258062
0.251276,0.0308317
0.261465,0.0351872
0.266534,0.0395272
0.27661,0.0430099
0.279103,0.0474314
0.289024,0.0503383
0.296349,0.0733532
0.296352,0.0683867
0.296356,0.0634201
0.29636,0.0584536
0.296364,0.053487
0.3025,0.0475
0.3025,0.0525
0.3025,0.0575
0.3125,0.0625
0.3275,0.0675
0.3325,0.0725
0.3425,0.0775
0.3575,0.0825
0.3725,0.0875
0.3775,0.0125
0.3775,0.0925
0.3925,0.0975
0.3975,0.0175
0.4025,0.1025
0.4175,0.1075
0.4275,0.1125
0.4425,0.1175
0.4475,0.1225
0.4625,0.1275
0.4725,0.1325
