x,y
0.210895,0.00617581
0.228359,0.014892
0.235972,0.0206332
0.243619,0.0259363
0.253827,0.0307895
0.261465,0.0351872
0.269065,0.0392493
0.279115,0.042588
0.281599,0.0469859
0.291483,0.0497669
0.296349,0.0733532
0.296352,0.0683867
0.296356,0.0634201
0.29636,0.0584536
0.296364,0.053487
0.3025,0.0475
0.3025,0.0525
0.3025,0.0575
0.3175,0.0625
0.3275,0.0675
0.3425,0.0725
0.3575,0.0775
0.3625,0.0825
0.3725,0.0875
0.3825,0.0125
0.3875,0.0925
0.4025,0.0975
0.4075,0.0175
0.4075,0.1025
0.4225,0.1075
0.4325,0.1125
0.4475,0.1175
0.4575,0.1225
0.4725,0.1275
