x,y
0.208448,0.00543569
0.225837,0.0144821
0.238516,0.0208557
0.243619,0.0259363
0.251276,0.0308317
0.266543,0.034737
0.269065,0.0392493
0.281611,0.0421283
0.284087,0.0465039
0.293931,0.0491608
0.296352,0.0683867
0.296356,0.0634201
0.29636,0.0584536
0.296364,0.053487
0.3025,0.0475
0.3025,0.0525
0.3125,0.0575
0.3275,0.0625
0.3275,0.0675
0.3425,0.0725
0.3575,0.0775
0.3625,0.0825
0.3775,0.0875
0.3825,0.0125
0.3875,0.0925
0.4025,0.0175
0.4025,0.0975
0.4175,0.1025
0.4275,0.1075
0.4425,0.1125
0.4525,0.1175
0.4675,0.1225
0.4825,0.1275
