x,y
0.213355,0.00687091
0.225837,0.0144821
0.235972,0.0206332
0.24617,0.026023
0.256378,0.0307052
0.261465,0.0351872
0.27159,0.038932
0.27661,0.0430099
0.286565,0.0459857
0.289024,0.0503383
0.296352,0.0683867
0.296356,0.0634201
0.29636,0.0584536
0.296364,0.053487
0.3025,0.0475
0.3025,0.0525
0.3125,0.0575
0.3275,0.0625
0.3325,0.0675
0.3425,0.0725
0.3575,0.0775
0.3725,0.0825
0.3875,0.0125
0.3875,0.0875
0.3925,0.0925
0.4025,0.0175
0.4025,0.0975
0.4175,0.1025
0.4325,0.1075
0.4425,0.1125
0.4575,0.1175
0.4675,0.1225
0.4825,0.1275
