x,y
0.210895,0.00617581
0.223323,0.0140271
0.238516,0.0208557
0.24617,0.026023
0.258926,0.0305787
0.264006,0.0349825
0.274109,0.0385753
0.284098,0.041631
0.286565,0.0459857
0.296352,0.0683867
0.296356,0.0634201
0.29636,0.0584536
0.296364,0.053487
0.296368,0.0485205
0.3025,0.0475
0.3025,0.0525
0.3175,0.0575
0.3325,0.0625
0.3425,0.0675
0.3525,0.0725
0.3675,0.0775
0.3775,0.0825
0.3925,0.0875
0.3975,0.0125
0.4075,0.0925
0.4225,0.0175
0.4225,0.0975
0.4325,0.1025
0.4475,0.1075
0.4625,0.1125
0.4675,0.1175
