x,y
0.208448,0.00543569
0.225837,0.0144821
0.241064,0.0210338
0.24617,0.026023
0.256378,0.0307052
0.266543,0.034737
0.269065,0.0392493
0.281611,0.0421283
0.291491,0.0448412
0.293931,0.0491608
0.296352,0.0683867
0.296356,0.0634201
0.29636,0.0584536
0.296364,0.053487
0.3025,0.0425
0.3025,0.0475
0.3025,0.0525
0.3175,0.0575
0.3275,0.0625
0.3375,0.0675
0.3525,0.0725
0.3675,0.0775
0.3825,0.0825
0.3925,0.0125
0.3925,0.0875
0.4025,0.0925
0.4075,0.0175
0.4225,0.0975
0.4375,0.1025
0.4525,0.1075
0.4625,0.1125
0.4725,0.1175
