x,y
0.210895,0.00617581
0.230888,0.0152567
0.241064,0.0210338
0.251277,0.0260664
0.261472,0.03041
0.264006,0.0349825
0.274109,0.0385753
0.284098,0.041631
0.286565,0.0459857
0.296352,0.0683867
0.296356,0.0634201
0.29636,0.0584536
0.296364,0.053487
0.296368,0.0485205
0.3075,0.0425
0.3075,0.0475
0.3075,0.0525
0.3225,0.0575
0.3275,0.0625
0.3425,0.0675
0.3575,0.0725
0.3725,0.0775
0.3875,0.0825
0.3975,0.0125
0.3975,0.0875
0.4075,0.0925
0.4225,0.0175
0.4225,0.0975
0.4375,0.1025
0.4575,0.1075
0.4675,0.1125
0.4825,0.1175
