x,y
0.1925,0.0025
0.1925,0.0075
0.1925,0.0125
0.1925,0.0175
0.1925,0.0225
0.1925,0.0275
0.1925,0.0325
0.1925,0.0375
0.1925,0.0425
0.1925,0.0475
0.1925,0.0525
0.1925,0.0575
0.1975,0.1975
0.201207,0.0278709
0.201209,0.0328601
0.20121,0.0378494
0.203641,0.0434988
0.206087,0.0490739
0.208547,0.0545776
0.21102,0.0600129
0.215986,0.0658114
0.218486,0.0710748
0.220993,0.0762812
0.223506,0.081434
0.228536,0.0867729
0.23106,0.0917927
0.233586,0.0967706
0.238635,0.101825
0.243687,0.106767
0.246214,0.11159
0.251261,0.116389
0.256303,0.121111
0.258819,0.12584
0.263847,0.130478
0.268864,0.135076
0.271364,0.139773
0.276365,0.144347
0.281355,0.148916
0.286336,0.153496
0.291309,0.158099
0.296266,0.177643
0.29627,0.172675
0.296273,0.167706
0.296277,0.162738
0.298794,0.0228816
0.298795,0.0178923
0.298796,0.0129031
0.298797,0.00791381
0.3025,0.1575
0.3025,0.1625
0.3025,0.1675
0.3075,0.1725
0.3175,0.1775
0.3225,0.1825
0.3275,0.0125
0.3325,0.0175
0.3325,0.1875
0.3375,0.0225
0.3425,0.0275
0.3425,0.1925
0.3475,0.0325
0.3525,0.0375
0.3525,0.1975
0.3575,0.0425
0.3625,0.0475
0.3675,0.0525
0.3725,0.0575
0.3775,0.0625
0.3825,0.0675
0.3825,0.0725
0.3875,0.0775
0.3925,0.0825
0.3975,0.0875
0.4025,0.0925
