x,y
0.1925,0.0025
0.1925,0.0075
0.1925,0.0125
0.1925,0.0175
0.1925,0.0225
0.1925,0.0275
0.1925,0.0325
0.1925,0.0375
0.1925,0.0425
0.1925,0.0475
0.1925,0.0525
0.1925,0.0575
0.1975,0.1975
0.201207,0.0278709
0.201209,0.0328601
0.203637,0.0385305
0.206082,0.0441255
0.20854,0.049648
0.211012,0.0551011
0.213494,0.0604878
0.218476,0.0662097
0.220983,0.0714295
0.223496,0.0765945
0.226014,0.0817079
0.231052,0.0869835
0.233579,0.0919692
0.236107,0.0969153
0.241159,0.101917
0.246212,0.106811
0.248738,0.111611
0.253784,0.116369
0.258823,0.121055
0.261337,0.12577
0.266361,0.13038
0.271373,0.134955
0.273871,0.139647
0.278866,0.144205
0.283851,0.148764
0.288827,0.153338
0.296266,0.177643
0.29627,0.172675
0.296273,0.167706
0.296277,0.162738
0.29628,0.15777
0.298794,0.0228816
0.298795,0.0178923
0.298796,0.0129031
0.298797,0.00791381
0.3025,0.1525
0.3025,0.1575
0.3025,0.1625
0.3075,0.1675
0.3125,0.1725
0.3175,0.1775
0.3225,0.0125
0.3275,0.1825
0.3325,0.0175
0.3325,0.1875
0.3375,0.0225
0.3425,0.1925
0.3475,0.0275
0.3525,0.0325
0.3575,0.0375
0.3575,0.1975
0.3625,0.0425
0.3675,0.0475
0.3725,0.0525
0.3725,0.0575
0.3825,0.0625
0.3875,0.0675
0.3875,0.0725
0.3925,0.0775
0.3975,0.0825
0.4025,0.0875
