x,y
0.1925,0.0025
0.1925,0.0075
0.1925,0.0125
0.1925,0.0175
0.1925,0.0225
0.1925,0.0275
0.1925,0.0325
0.1925,0.0375
0.1925,0.0425
0.1925,0.0475
0.1925,0.0525
0.1975,0.1975
0.201206,0.0228816
0.201207,0.0278709
0.203634,0.0335622
0.206077,0.0391771
0.208534,0.0447184
0.211004,0.0501893
0.213485,0.0555927
0.215976,0.0609318
0.220973,0.0665778
0.223486,0.0717551
0.228517,0.0771365
0.231043,0.0821743
0.233571,0.0871679
0.238624,0.092247
0.243681,0.097205
0.24621,0.102032
0.251263,0.106833
0.253786,0.11159
0.258828,0.116271
0.26386,0.120888
0.266368,0.125579
0.271382,0.130136
0.276385,0.134668
0.281375,0.139186
0.283861,0.143885
0.288835,0.148426
0.29627,0.172675
0.296273,0.167706
0.296277,0.162738
0.29628,0.15777
0.296284,0.152801
0.298795,0.0178923
0.298796,0.0129031
0.298797,0.00791381
0.3025,0.1525
0.3025,0.1575
0.3075,0.1625
0.3125,0.1675
0.3175,0.1725
0.3275,0.0125
0.3275,0.1775
0.3325,0.0175
0.3325,0.1825
0.3425,0.0225
0.3425,0.1875
0.3475,0.0275
0.3525,0.0325
0.3525,0.1925
0.3575,0.0375
0.3625,0.1975
0.3675,0.0425
0.3725,0.0475
0.3725,0.0525
0.3825,0.0575
0.3875,0.0625
0.3925,0.0675
0.3975,0.0725
0.4025,0.0775
0.4075,0.0825
0.4125,0.0875
