x,y
0.1925,0.0025
0.1925,0.0075
0.1925,0.0125
0.1925,0.0175
0.1925,0.0225
0.1925,0.0275
0.1925,0.0325
0.1925,0.0375
0.1925,0.0425
0.1925,0.0475
0.1975,0.1975
0.201205,0.0178923
0.201206,0.0228816
0.20363,0.0285939
0.206071,0.0342287
0.208527,0.0397888
0.210996,0.0452774
0.213476,0.0506975
0.218456,0.0564794
0.220963,0.0617261
0.223476,0.0669157
0.228508,0.0723183
0.231035,0.077365
0.236087,0.0825314
0.238618,0.087458
0.24115,0.092348
0.246208,0.0972533
0.248737,0.102055
0.253788,0.106811
0.25631,0.111548
0.261348,0.116192
0.266376,0.120777
0.268881,0.125457
0.27389,0.12999
0.281385,0.134321
0.28387,0.139005
0.291329,0.14331
0.296273,0.167706
0.296277,0.162738
0.29628,0.15777
0.296284,0.152801
0.296287,0.147833
0.298796,0.0129031
0.298797,0.00791381
0.3025,0.1475
0.3025,0.1525
0.3025,0.1575
0.3125,0.1625
0.3175,0.1675
0.3225,0.1725
0.3275,0.0125
0.3325,0.0175
0.3325,0.1775
0.3375,0.1825
0.3425,0.0225
0.3475,0.1875
0.3525,0.0275
0.3575,0.0325
0.3575,0.1925
0.3675,0.0375
0.3675,0.0425
0.3675,0.1975
0.3775,0.0475
0.3825,0.0525
0.3875,0.0575
0.3925,0.0625
0.3975,0.0675
0.4025,0.0725
0.4075,0.0775
0.4125,0.0825
