x,y
0.1925,0.0025
0.1925,0.0075
0.1925,0.0125
0.1925,0.0175
0.1925,0.0225
0.1925,0.0275
0.1925,0.0325
0.1925,0.0375
0.1925,0.0425
0.1975,0.1975
0.201204,0.0129031
0.201205,0.0178923
0.203627,0.0236256
0.206066,0.0292803
0.20852,0.0348593
0.210988,0.0403656
0.213467,0.0458023
0.215957,0.0511726
0.220953,0.0568744
0.223466,0.0620762
0.225985,0.0672232
0.231026,0.0725558
0.233556,0.0775652
0.238613,0.0826689
0.241145,0.0875635
0.246206,0.0924744
0.248736,0.0972775
0.25379,0.102032
0.258837,0.106702
0.261354,0.111403
0.266383,0.115976
0.271401,0.1205
0.273899,0.125162
0.278896,0.12965
0.28388,0.134126
0.288851,0.138602
0.293812,0.143094
0.296277,0.162738
0.29628,0.15777
0.296284,0.152801
0.296287,0.147833
0.298797,0.00791381
0.3025,0.1425
0.3025,0.1475
0.3025,0.1525
0.3075,0.1575
0.3125,0.1625
0.3225,0.1675
0.3275,0.0125
0.3275,0.1725
0.3325,0.0175
0.3375,0.1775
0.3425,0.0225
0.3425,0.1825
0.3525,0.0275
0.3525,0.1875
0.3625,0.0325
0.3625,0.1925
0.3675,0.0375
0.3725,0.0425
0.3725,0.1975
0.3825,0.0475
0.3875,0.0525
0.3925,0.0575
0.3975,0.0625
0.4025,0.0675
0.4075,0.0725
0.4125,0.0775
