x,y
0.1925,0.0025
0.1925,0.0075
0.1925,0.0125
0.1925,0.0175
0.1925,0.0225
0.1925,0.0275
0.1925,0.0325
0.1925,0.0375
0.1975,0.1975
0.201204,0.0129031
0.201205,0.0178923
0.203627,0.0236256
0.206066,0.0292803
0.20852,0.0348593
0.213458,0.0409072
0.215948,0.046293
0.218446,0.0516143
0.220953,0.0568744
0.225976,0.0623949
0.228499,0.0675002
0.233548,0.0727638
0.23608,0.0777368
0.241141,0.082779
0.243674,0.0876427
0.248735,0.0924997
0.251264,0.0972775
0.256316,0.101986
0.261359,0.106614
0.263873,0.111299
0.268898,0.115839
0.273909,0.120334
0.276405,0.124989
0.281395,0.129456
0.286372,0.133915
0.291336,0.13838
0.296277,0.162738
0.29628,0.15777
0.296284,0.152801
0.296287,0.147833
0.29629,0.142865
0.298797,0.00791381
0.3025,0.1375
0.3025,0.1425
0.3025,0.1475
0.3075,0.1525
0.3125,0.1575
0.3175,0.1625
0.3275,0.0125
0.3275,0.1675
0.3325,0.1725
0.3375,0.0175
0.3425,0.0225
0.3425,0.1775
0.3475,0.1825
0.3525,0.0275
0.3575,0.1875
0.3625,0.0325
0.3625,0.1925
0.3725,0.0375
0.3775,0.0425
0.3775,0.1975
0.3825,0.0475
0.3925,0.0525
0.3975,0.0575
0.4025,0.0625
0.4075,0.0675
0.4125,0.0725
0.4175,0.0775
