x,y
0.1925,0.0025
0.1925,0.0075
0.1925,0.0125
0.1925,0.0175
0.1925,0.0225
0.1925,0.0275
0.1925,0.0325
0.1975,0.1975
0.201203,0.00791381
0.201204,0.0129031
0.203624,0.0186573
0.206061,0.0243319
0.208513,0.0299297
0.210979,0.0354538
0.215938,0.0414134
0.218436,0.0467492
0.220943,0.0520227
0.225966,0.0575667
0.22849,0.062682
0.233541,0.0679624
0.236073,0.0729422
0.241137,0.0779945
0.243671,0.0828616
0.248735,0.0877219
0.253794,0.0924744
0.256319,0.097205
0.261365,0.101825
0.26388,0.106505
0.268906,0.11103
0.273919,0.115506
0.276414,0.120149
0.281405,0.124591
0.286381,0.12902
0.291343,0.133451
0.29628,0.15777
0.296284,0.152801
0.296287,0.147833
0.29629,0.142865
0.296294,0.137897
0.3025,0.1375
0.3025,0.1425
0.3025,0.1475
0.3125,0.1525
0.3175,0.1575
0.3225,0.1625
0.3275,0.0125
0.3325,0.1675
0.3375,0.0175
0.3375,0.1725
0.3475,0.0225
0.3475,0.1775
0.3525,0.0275
0.3525,0.1825
0.3625,0.0325
0.3625,0.1875
0.3675,0.1925
0.3775,0.0375
0.3825,0.0425
0.3825,0.1975
0.3875,0.0475
0.3975,0.0525
0.4025,0.0575
0.4075,0.0625
0.4125,0.0675
0.4175,0.0725
