x,y
0.1975,0.1975
0.201203,0.00791381
0.20362,0.013689
0.206055,0.0193835
0.210963,0.0256301
0.21344,0.0311168
0.215928,0.0365338
0.220923,0.0423192
0.223437,0.047558
0.228472,0.0530457
0.233525,0.0583597
0.23606,0.0633529
0.241128,0.0684254
0.243664,0.0732993
0.248733,0.0781664
0.251266,0.0829442
0.256326,0.0876427
0.261376,0.092247
0.263893,0.0969153
0.268923,0.101411
0.271428,0.106046
0.276434,0.110471
0.281425,0.114861
0.286399,0.11923
0.291357,0.123592
0.296287,0.147833
0.29629,0.142865
0.296294,0.137897
0.296297,0.132928
0.296301,0.12796
0.3025,0.1275
0.3025,0.1325
0.3025,0.1375
0.3075,0.1425
0.3125,0.1475
0.3225,0.1525
0.3275,0.1575
0.3325,0.0125
0.3325,0.1625
0.3375,0.0175
0.3425,0.1675
0.3475,0.0225
0.3475,0.1725
0.3575,0.0275
0.3575,0.1775
0.3625,0.1825
0.3675,0.0325
0.3725,0.0375
0.3725,0.1875
0.3825,0.1925
0.3875,0.0425
0.3975,0.1975
0.4025,0.0475
0.4075,0.0525
0.4125,0.0575
0.4175,0.0625
0.4225,0.0675
