x,y
0.201201,0.00292454
0.203617,0.00872073
0.20605,0.0144351
0.208499,0.0200705
0.210963,0.0256301
0.215919,0.0316542
0.218416,0.037019
0.223427,0.0427185
0.225947,0.0479102
0.230993,0.053319
0.233525,0.0583597
0.23859,0.0635129
0.241128,0.0684254
0.246198,0.0733588
0.251267,0.0781664
0.253798,0.0829166
0.258855,0.0875635
0.261376,0.092247
0.266414,0.0967706
0.268923,0.101411
0.273938,0.105849
0.278936,0.110243
0.283918,0.114607
0.286399,0.11923
0.291357,0.123592
0.296287,0.147833
0.29629,0.142865
0.296294,0.137897
0.296297,0.132928
0.296301,0.12796
0.3025,0.1225
0.3025,0.1275
0.3025,0.1325
0.3075,0.1375
0.3125,0.1425
0.3175,0.1475
0.3275,0.1525
0.3325,0.0125
0.3325,0.1575
0.3375,0.0175
0.3375,0.1625
0.3475,0.0225
0.3475,0.1675
0.3525,0.1725
0.3575,0.0275
0.3625,0.1775
0.3675,0.0325
0.3675,0.1825
0.3775,0.0375
0.3775,0.1875
0.3875,0.1925
0.3925,0.0425
0.3975,0.1975
0.4025,0.0475
0.4125,0.0525
0.4175,0.0575
0.4225,0.0625
