x,y
0.203613,0.00375243
0.203617,0.00872073
0.208493,0.0151409
0.210955,0.0207183
0.213431,0.0262217
0.218407,0.0321539
0.220913,0.0374675
0.225937,0.0430819
0.228463,0.0482275
0.233518,0.0535584
0.236053,0.0585583
0.241123,0.0636409
0.243661,0.0685181
0.248733,0.0733886
0.2538,0.0781377
0.258859,0.082779
0.263907,0.0873261
0.266421,0.0919692
0.271446,0.0964092
0.273948,0.101021
0.278947,0.105392
0.283928,0.109728
0.286407,0.114335
0.291364,0.118662
0.29629,0.142865
0.296294,0.137897
0.296297,0.132928
0.296301,0.12796
0.296304,0.122992
0.3025,0.1225
0.3025,0.1275
0.3075,0.1325
0.3125,0.1375
0.3175,0.1425
0.3225,0.1475
0.3275,0.1525
0.3325,0.0125
0.3375,0.1575
0.3425,0.0175
0.3425,0.1625
0.3475,0.0225
0.3525,0.1675
0.3575,0.0275
0.3575,0.1725
0.3675,0.1775
0.3725,0.0325
0.3725,0.1825
0.3775,0.0375
0.3825,0.1875
0.3925,0.0425
0.3925,0.1925
0.4025,0.1975
0.4075,0.0475
0.4175,0.0525
0.4225,0.0575
0.4275,0.0625
