x,y
0.206039,0.00453825
0.206045,0.00948665
0.208493,0.0151409
0.213422,0.0213265
0.215909,0.0267746
0.220903,0.0326158
0.223417,0.0378791
0.228454,0.0434093
0.23351,0.048757
0.236047,0.0537637
0.241119,0.0588564
0.246194,0.063801
0.248732,0.0686108
0.253802,0.0733588
0.256332,0.0780804
0.261387,0.0826689
0.263907,0.0873261
0.26894,0.0917927
0.273957,0.0961926
0.276454,0.100792
0.283937,0.104848
0.2889,0.109131
0.291371,0.113733
0.296294,0.137897
0.296297,0.132928
0.296301,0.12796
0.296304,0.122992
0.296308,0.118023
0.3025,0.1175
0.3025,0.1225
0.3025,0.1275
0.3075,0.1325
0.3175,0.1375
0.3225,0.1425
0.3275,0.1475
0.3325,0.0125
0.3325,0.1525
0.3425,0.0175
0.3425,0.1575
0.3475,0.1625
0.3525,0.0225
0.3575,0.1675
0.3625,0.0275
0.3625,0.1725
0.3725,0.0325
0.3725,0.1775
0.3775,0.1825
0.3825,0.0375
0.3875,0.1875
0.3925,0.0425
0.3975,0.1925
0.4025,0.0475
0.4125,0.1975
0.4225,0.0525
0.4275,0.0575
