x,y
0.206039,0.00453825
0.208486,0.0102113
0.210947,0.0158064
0.213422,0.0213265
0.218397,0.0272888
0.223407,0.0330397
0.225927,0.0382537
0.230976,0.0437006
0.23604,0.048969
0.238579,0.0539348
0.243655,0.0589558
0.246194,0.063801
0.251268,0.0686108
0.256336,0.0732993
0.258863,0.0779945
0.266437,0.0823665
0.268948,0.0869835
0.273967,0.0913644
0.278967,0.0956881
0.281454,0.100265
0.286425,0.104544
0.291377,0.108803
0.296297,0.132928
0.296301,0.12796
0.296304,0.122992
0.296308,0.118023
0.296311,0.113055
0.3025,0.1125
0.3025,0.1175
0.3025,0.1225
0.3075,0.1275
0.3175,0.1325
0.3225,0.1375
0.3275,0.1425
0.3325,0.0125
0.3325,0.1475
0.3375,0.1525
0.3425,0.0175
0.3475,0.1575
0.3525,0.0225
0.3525,0.1625
0.3625,0.0275
0.3625,0.1675
0.3675,0.1725
0.3725,0.0325
0.3775,0.1775
0.3825,0.0375
0.3825,0.1825
0.3925,0.1875
0.3975,0.0425
0.4025,0.0475
0.4025,0.1925
0.4125,0.1975
