x,y
0.208479,0.00528177
0.208486,0.0102113
0.210947,0.0158064
0.2159,0.021895
0.218397,0.0272888
0.223407,0.0330397
0.228445,0.0385911
0.230976,0.0437006
0.23604,0.048969
0.241114,0.0540719
0.246192,0.0590221
0.251269,0.063833
0.253804,0.0685799
0.258868,0.0732099
0.261393,0.0778799
0.266437,0.0823665
0.271464,0.0867729
0.273967,0.0913644
0.281464,0.0954003
0.286434,0.0996492
0.288908,0.104219
0.293849,0.108455
0.296297,0.132928
0.296301,0.12796
0.296304,0.122992
0.296308,0.118023
0.296311,0.113055
0.3025,0.1075
0.3025,0.1125
0.3025,0.1175
0.3075,0.1225
0.3125,0.1275
0.3175,0.1325
0.3275,0.1375
0.3325,0.0125
0.3325,0.1425
0.3375,0.1475
0.3425,0.0175
0.3425,0.1525
0.3525,0.0225
0.3525,0.1575
0.3575,0.1625
0.3625,0.0275
0.3625,0.1675
0.3725,0.1725
0.3775,0.0325
0.3775,0.1775
0.3825,0.0375
0.3875,0.1825
0.3975,0.0425
0.3975,0.1875
0.4075,0.1925
0.4225,0.1975
