x,y
0.203613,0.00375243
0.210939,0.0108946
0.213413,0.0164313
0.218387,0.0224237
0.220893,0.0277641
0.225918,0.0334254
0.228445,0.0385911
0.236034,0.0441744
0.238574,0.0491458
0.243652,0.0541746
0.248731,0.0590553
0.251269,0.063833
0.258872,0.0684254
0.261398,0.0730909
0.266444,0.0775652
0.268957,0.0821743
0.273976,0.0865361
0.281464,0.0954003
0.281474,0.0905352
0.288916,0.0993076
0.291384,0.103873
0.296301,0.12796
0.296304,0.122992
0.296308,0.118023
0.296311,0.113055
0.296315,0.108087
0.3025,0.1075
0.3025,0.1125
0.3075,0.1175
0.3125,0.1225
0.3175,0.1275
0.3225,0.1325
0.3275,0.1375
0.3325,0.0125
0.3375,0.1425
0.3425,0.0175
0.3425,0.1475
0.3475,0.1525
0.3525,0.0225
0.3525,0.1575
0.3625,0.1625
0.3675,0.0275
0.3675,0.1675
0.3725,0.0325
0.3775,0.1725
0.3825,0.1775
0.3875,0.0375
0.3925,0.1825
0.3975,0.0425
0.4025,0.1875
0.4125,0.1925
0.4225,0.1975
