x,y
0.203613,0.00375243
0.210939,0.0108946
0.21589,0.0170154
0.218387,0.0224237
0.223397,0.0282002
0.228435,0.033773
0.233495,0.0391543
0.238568,0.0443568
0.243648,0.0493935
0.24873,0.0542775
0.251269,0.0590553
0.258877,0.0636409
0.263933,0.0681475
0.266452,0.0727638
0.273986,0.0817079
0.273996,0.0768797
0.281484,0.0856701
0.286452,0.0898588
0.288924,0.0943958
0.296308,0.118023
0.296311,0.113055
0.296315,0.108087
0.296318,0.103118
0.296321,0.0981502
0.3025,0.0975
0.3025,0.1025
0.3025,0.1075
0.3075,0.1125
0.3125,0.1175
0.3225,0.1225
0.3275,0.1275
0.3325,0.1325
0.3375,0.0125
0.3375,0.1375
0.3475,0.0175
0.3475,0.1425
0.3525,0.1475
0.3575,0.0225
0.3575,0.1525
0.3625,0.1575
0.3675,0.0275
0.3725,0.1625
0.3825,0.0325
0.3825,0.1675
0.3875,0.0375
0.3875,0.1725
0.3925,0.1775
0.4025,0.0425
0.4025,0.1825
0.4125,0.1875
0.4225,0.1925
0.4375,0.1975
