x,y
0.206039,0.00453825
0.210939,0.0108946
0.21589,0.0170154
0.220883,0.0229124
0.225908,0.0285972
0.230959,0.0340822
0.233495,0.0391543
0.241105,0.0445028
0.243648,0.0493935
0.25127,0.0542775
0.253808,0.0590221
0.258877,0.0636409
0.266459,0.0679624
0.268974,0.0725558
0.273996,0.0768797
0.276494,0.081434
0.281484,0.0856701
0.288932,0.0894839
0.293865,0.0936096
0.296308,0.118023
0.296311,0.113055
0.296315,0.108087
0.296318,0.103118
0.296321,0.0981502
0.3025,0.0975
0.3025,0.1025
0.3075,0.1075
0.3125,0.1125
0.3175,0.1175
0.3225,0.1225
0.3275,0.1275
0.3375,0.0125
0.3375,0.1325
0.3425,0.1375
0.3475,0.0175
0.3475,0.1425
0.3525,0.1475
0.3575,0.0225
0.3625,0.1525
0.3675,0.0275
0.3675,0.1575
0.3775,0.0325
0.3775,0.1625
0.3825,0.1675
0.3875,0.0375
0.3925,0.1725
0.3975,0.1775
0.4075,0.1825
0.4175,0.1875
0.4275,0.1925
0.4375,0.1975
