x,y
0.203613,0.00375243
0.210939,0.0108946
0.218377,0.0175586
0.220883,0.0229124
0.225908,0.0285972
0.230959,0.0340822
0.236027,0.0393798
0.243645,0.0446123
0.246188,0.0494643
0.25381,0.0542432
0.256345,0.0589558
0.26141,0.0635129
0.263933,0.0681475
0.271492,0.0723183
0.276504,0.0765945
0.278997,0.081133
0.283976,0.0853297
0.291405,0.0890847
0.296311,0.113055
0.296315,0.108087
0.296318,0.103118
0.296321,0.0981502
0.296325,0.0931819
0.3025,0.0925
0.3025,0.0975
0.3025,0.1025
0.3125,0.1075
0.3175,0.1125
0.3225,0.1175
0.3275,0.1225
0.3375,0.0125
0.3375,0.1275
0.3425,0.1325
0.3475,0.0175
0.3475,0.1375
0.3525,0.1425
0.3575,0.0225
0.3625,0.1475
0.3675,0.0275
0.3675,0.1525
0.3725,0.1575
0.3825,0.0325
0.3825,0.1625
0.3875,0.1675
0.3925,0.0375
0.3975,0.1725
0.4075,0.1775
0.4125,0.1825
0.4225,0.1875
0.4325,0.1925
0.4475,0.1975
