x,y
0.206039,0.00453825
0.213404,0.0115362
0.21589,0.0170154
0.220883,0.0229124
0.228426,0.0289548
0.230959,0.0340822
0.238562,0.0395678
0.241105,0.0445028
0.248729,0.0494997
0.256348,0.0541746
0.258881,0.0588564
0.26394,0.0633529
0.271501,0.0675002
0.274005,0.0720514
0.279007,0.0762812
0.281494,0.080805
0.28894,0.0845721
0.291405,0.0890847
0.296311,0.113055
0.296315,0.108087
0.296318,0.103118
0.296321,0.0981502
0.296325,0.0931819
0.3025,0.0925
0.3025,0.0975
0.3075,0.1025
0.3125,0.1075
0.3225,0.1125
0.3275,0.1175
0.3325,0.1225
0.3375,0.1275
0.3425,0.0125
0.3475,0.1325
0.3525,0.0175
0.3525,0.1375
0.3575,0.0225
0.3575,0.1425
0.3625,0.1475
0.3725,0.0275
0.3725,0.1525
0.3775,0.1575
0.3825,0.0325
0.3875,0.1625
0.3925,0.1675
0.3975,0.0375
0.4025,0.1725
0.4125,0.1775
0.4175,0.1825
0.4275,0.1875
0.4375,0.1925
0.4525,0.1975
