x,y
0.203613,0.00375243
0.210939,0.0108946
0.218377,0.0175586
0.223387,0.0233608
0.23095,0.029273
0.233487,0.0343529
0.241101,0.0397183
0.243645,0.0446123
0.251271,0.0494997
0.258886,0.0540719
0.261415,0.0587239
0.268991,0.0629374
0.271501,0.0675002
0.279017,0.0714295
0.281504,0.0759399
0.28647,0.0800685
0.293876,0.0837127
0.296315,0.108087
0.296318,0.103118
0.296321,0.0981502
0.296325,0.0931819
0.296328,0.0882136
0.3025,0.0875
0.3025,0.0925
0.3075,0.0975
0.3125,0.1025
0.3225,0.1075
0.3275,0.1125
0.3375,0.1175
0.3425,0.0125
0.3425,0.1225
0.3475,0.1275
0.3525,0.0175
0.3525,0.1325
0.3625,0.0225
0.3625,0.1375
0.3675,0.1425
0.3725,0.1475
0.3775,0.0275
0.3825,0.0325
0.3825,0.1525
0.3875,0.1575
0.3975,0.0375
0.3975,0.1625
0.4025,0.1675
0.4125,0.1725
0.4225,0.1775
0.4275,0.1825
0.4375,0.1875
0.4475,0.1925
0.4625,0.1975
