x,y
0.206039,0.00453825
0.213404,0.0115362
0.220873,0.0180606
0.223387,0.0233608
0.228426,0.0289548
0.23602,0.0345851
0.241101,0.0397183
0.246186,0.0446854
0.253812,0.0494643
0.256348,0.0541746
0.263947,0.0585583
0.271501,0.0675002
0.27151,0.062682
0.279017,0.0714295
0.286479,0.0751733
0.288948,0.0796603
0.296318,0.103118
0.296321,0.0981502
0.296325,0.0931819
0.296328,0.0882136
0.296332,0.0832453
0.3025,0.0825
0.3025,0.0875
0.3025,0.0925
0.3125,0.0975
0.3175,0.1025
0.3275,0.1075
0.3325,0.1125
0.3375,0.1175
0.3425,0.0125
0.3425,0.1225
0.3525,0.1275
0.3575,0.0175
0.3625,0.1325
0.3675,0.0225
0.3675,0.1375
0.3725,0.1425
0.3775,0.0275
0.3775,0.1475
0.3875,0.0325
0.3875,0.1525
0.3925,0.1575
0.4025,0.1625
0.4125,0.1675
0.4175,0.1725
0.4275,0.1775
0.4325,0.1825
0.4425,0.1875
0.4525,0.1925
0.4675,0.1975
