x,y
0.208479,0.00528177
0.21588,0.0121359
0.223377,0.0185214
0.225899,0.0237689
0.23095,0.029273
0.238557,0.0347788
0.246185,0.0399065
0.253814,0.0446854
0.256352,0.0493935
0.263953,0.0537637
0.266475,0.0583597
0.276534,0.0620762
0.279027,0.0665778
0.286488,0.0702782
0.288956,0.0747484
0.296321,0.0981502
0.296325,0.0931819
0.296328,0.0882136
0.296332,0.0832453
0.296335,0.078277
0.3025,0.0775
0.3025,0.0825
0.3075,0.0875
0.3125,0.0925
0.3175,0.0975
0.3275,0.1025
0.3325,0.1075
0.3425,0.1125
0.3475,0.0125
0.3475,0.1175
0.3575,0.0175
0.3575,0.1225
0.3675,0.1275
0.3725,0.0225
0.3725,0.1325
0.3775,0.1375
0.3825,0.0275
0.3875,0.1425
0.3925,0.1475
0.4025,0.1525
0.4075,0.1575
0.4175,0.1625
0.4275,0.1675
0.4325,0.1725
0.4425,0.1775
0.4475,0.1825
0.4575,0.1875
0.4675,0.1925
0.4825,0.1975
