x,y
0.206039,0.00453825
0.213404,0.0115362
0.220873,0.0180606
0.228417,0.0241366
0.236014,0.0297905
0.243639,0.03505
0.248728,0.0399441
0.251271,0.0447219
0.25889,0.0492873
0.266482,0.0535584
0.268999,0.0581282
0.279037,0.0617261
0.281524,0.0662097
0.288964,0.0698366
0.291425,0.0742959
0.296321,0.0981502
0.296325,0.0931819
0.296328,0.0882136
0.296332,0.0832453
0.296335,0.078277
0.3025,0.0725
0.3025,0.0775
0.3025,0.0825
0.3125,0.0875
0.3225,0.0925
0.3275,0.0975
0.3325,0.1025
0.3425,0.1075
0.3475,0.0125
0.3475,0.1125
0.3575,0.1175
0.3625,0.0175
0.3625,0.1225
0.3725,0.0225
0.3725,0.1275
0.3825,0.1325
0.3875,0.0275
0.3875,0.1375
0.3975,0.1425
0.4075,0.1475
0.4125,0.1525
0.4175,0.1575
0.4275,0.1625
0.4325,0.1675
0.4425,0.1725
0.4525,0.1775
0.4625,0.1825
0.4725,0.1875
0.4775,0.1925
0.4875,0.1975
