x,y
0.208479,0.00528177
0.21588,0.0121359
0.223377,0.0185214
0.230942,0.0244637
0.23348,0.0295516
0.241097,0.0349338
0.251272,0.0399441
0.253814,0.0446854
0.261426,0.0491458
0.263953,0.0537637
0.271519,0.0578638
0.281534,0.0613446
0.284014,0.0658114
0.291432,0.0693663
0.293886,0.0738159
0.296325,0.0931819
0.296328,0.0882136
0.296332,0.0832453
0.296335,0.078277
0.3025,0.0725
0.3025,0.0775
0.3075,0.0825
0.3125,0.0875
0.3225,0.0925
0.3275,0.0975
0.3375,0.1025
0.3475,0.0125
0.3475,0.1075
0.3525,0.1125
0.3575,0.1175
0.3625,0.0175
0.3725,0.0225
0.3725,0.1225
0.3725,0.1275
0.3825,0.1325
0.3875,0.0275
0.3925,0.1375
0.3975,0.1425
0.4075,0.1475
0.4125,0.1525
0.4225,0.1575
0.4325,0.1625
0.4375,0.1675
0.4475,0.1725
0.4575,0.1775
0.4625,0.1825
0.4725,0.1875
0.4875,0.1975
