x,y
0.206039,0.00453825
0.213404,0.0115362
0.220873,0.0180606
0.228417,0.0241366
0.236014,0.0297905
0.243639,0.03505
0.251272,0.0399441
0.253814,0.0446854
0.26396,0.048969
0.266482,0.0535584
0.274034,0.0575667
0.276534,0.0620762
0.284014,0.0658114
0.291432,0.0693663
0.296325,0.0931819
0.296328,0.0882136
0.296332,0.0832453
0.296335,0.078277
0.296339,0.0733087
0.3025,0.0725
0.3025,0.0775
0.3075,0.0825
0.3175,0.0875
0.3225,0.0925
0.3325,0.0975
0.3375,0.1025
0.3475,0.1075
0.3525,0.0125
0.3575,0.1125
0.3625,0.0175
0.3625,0.1175
0.3725,0.1225
0.3775,0.0225
0.3775,0.1275
0.3875,0.1325
0.3925,0.0275
0.3975,0.1375
0.4025,0.1425
0.4125,0.1475
0.4225,0.1525
0.4275,0.1575
0.4375,0.1625
0.4475,0.1675
0.4525,0.1725
0.4625,0.1775
0.4725,0.1825
0.4825,0.1875
0.4875,0.1975
