x,y
0.208479,0.00528177
0.21588,0.0121359
0.223377,0.0185214
0.230942,0.0244637
0.238551,0.0299898
0.246183,0.0351276
0.248728,0.0399441
0.256355,0.0446123
0.26649,0.048757
0.269007,0.053319
0.276544,0.0572368
0.279037,0.0617261
0.286497,0.065383
0.288964,0.0698366
0.296325,0.0931819
0.296328,0.0882136
0.296332,0.0832453
0.296335,0.078277
0.296339,0.0733087
0.3025,0.0725
0.3025,0.0775
0.3125,0.0825
0.3225,0.0875
0.3275,0.0925
0.3375,0.0975
0.3425,0.1025
0.3475,0.1075
0.3525,0.0125
0.3625,0.0175
0.3625,0.1125
0.3675,0.1175
0.3775,0.0225
0.3775,0.1225
0.3875,0.1275
0.3925,0.1325
0.3975,0.0275
0.4025,0.1375
0.4075,0.1425
0.4175,0.1475
0.4275,0.1525
0.4325,0.1575
0.4425,0.1625
0.4525,0.1675
0.4575,0.1725
0.4675,0.1775
0.4775,0.1825
0.4825,0.1875
0.4875,0.1975
