x,y
0.208479,0.00528177
0.21588,0.0121359
0.225889,0.0189407
0.233472,0.0247502
0.241092,0.0301492
0.246183,0.0351276
0.251272,0.0399441
0.256355,0.0446123
0.26649,0.048757
0.274044,0.0527384
0.276544,0.0572368
0.284024,0.0609318
0.288972,0.0649248
0.296328,0.0882136
0.296332,0.0832453
0.296335,0.078277
0.296339,0.0733087
0.296342,0.0683403
0.3025,0.0675
0.3025,0.0725
0.3075,0.0775
0.3125,0.0825
0.3275,0.0875
0.3325,0.0925
0.3375,0.0975
0.3525,0.0125
0.3525,0.1025
0.3575,0.1075
0.3625,0.1125
0.3675,0.0175
0.3775,0.1175
0.3825,0.0225
0.3825,0.1225
0.3925,0.1275
0.3975,0.0275
0.4025,0.1325
0.4075,0.1375
0.4175,0.1425
0.4275,0.1475
0.4325,0.1525
0.4425,0.1575
0.4525,0.1625
0.4575,0.1675
0.4675,0.1725
0.4775,0.1775
0.4875,0.1825
0.4875,0.1975
