x,y
0.206039,0.00453825
0.21588,0.0121359
0.228408,0.0193185
0.230942,0.0244637
0.238551,0.0299898
0.246183,0.0351276
0.251272,0.0399441
0.258895,0.0445028
0.26649,0.048757
0.271528,0.0530457
0.279047,0.0568744
0.284024,0.0609318
0.291439,0.0644367
0.296328,0.0882136
0.296332,0.0832453
0.296335,0.078277
0.296339,0.0733087
0.296342,0.0683403
0.3025,0.0625
0.3025,0.0675
0.3025,0.0725
0.3075,0.0775
0.3175,0.0825
0.3225,0.0875
0.3325,0.0925
0.3425,0.0975
0.3475,0.1025
0.3575,0.0125
0.3575,0.1075
0.3675,0.0175
0.3675,0.1125
0.3775,0.1175
0.3825,0.0225
0.3825,0.1225
0.3975,0.0275
0.3975,0.1275
0.4025,0.1325
0.4125,0.1375
0.4225,0.1425
0.4325,0.1475
0.4375,0.1525
0.4475,0.1575
0.4575,0.1625
0.4625,0.1675
0.4725,0.1725
0.4825,0.1775
0.4875,0.1975
