x,y
0.210931,0.00598275
0.218367,0.0126935
0.225889,0.0189407
0.233472,0.0247502
0.241092,0.0301492
0.248727,0.0351664
0.256358,0.0398312
0.258895,0.0445028
0.26649,0.048757
0.274044,0.0527384
0.276544,0.0572368
0.284024,0.0609318
0.293897,0.0639191
0.296328,0.0882136
0.296332,0.0832453
0.296335,0.078277
0.296339,0.0733087
0.296342,0.0683403
0.3025,0.0625
0.3025,0.0675
0.3025,0.0725
0.3125,0.0775
0.3225,0.0825
0.3325,0.0875
0.3375,0.0925
0.3475,0.0975
0.3525,0.1025
0.3575,0.0125
0.3625,0.1075
0.3675,0.0175
0.3725,0.1125
0.3775,0.1175
0.3875,0.0225
0.3875,0.1225
0.3975,0.1275
0.4025,0.0275
0.4125,0.1325
0.4175,0.1375
0.4275,0.1425
0.4375,0.1475
0.4425,0.1525
0.4525,0.1575
0.4625,0.1625
0.4675,0.1675
0.4775,0.1725
