x,y
0.206039,0.00453825
0.220863,0.0132089
0.228408,0.0193185
0.236007,0.0249959
0.238551,0.0299898
0.246183,0.0351276
0.253815,0.0399065
0.263966,0.0441744
0.26649,0.048757
0.274044,0.0527384
0.279047,0.0568744
0.286506,0.0604878
0.296332,0.0832453
0.296335,0.078277
0.296339,0.0733087
0.296342,0.0683403
0.296345,0.063372
0.3025,0.0625
0.3025,0.0675
0.3075,0.0725
0.3125,0.0775
0.3225,0.0825
0.3325,0.0875
0.3375,0.0925
0.3475,0.0975
0.3575,0.0125
0.3575,0.1025
0.3625,0.1075
0.3725,0.0175
0.3725,0.1125
0.3825,0.0225
0.3875,0.1175
0.3925,0.1225
0.3975,0.0275
0.4025,0.1275
0.4125,0.1325
0.4225,0.1375
0.4275,0.1425
0.4375,0.1475
0.4475,0.1525
0.4575,0.1575
0.4675,0.1625
0.4775,0.1675
0.4825,0.1725
