x,y
0.206039,0.00453825
0.220863,0.0132089
0.228408,0.0193185
0.236007,0.0249959
0.241092,0.0301492
0.251273,0.0351664
0.253815,0.0399065
0.261432,0.0443568
0.269016,0.0485098
0.276554,0.0523974
0.281544,0.0564794
0.28898,0.0600129
0.296332,0.0832453
0.296335,0.078277
0.296339,0.0733087
0.296342,0.0683403
0.296345,0.063372
0.3025,0.0625
0.3025,0.0675
0.3075,0.0725
0.3175,0.0775
0.3275,0.0825
0.3375,0.0875
0.3425,0.0925
0.3525,0.0975
0.3575,0.0125
0.3625,0.1025
0.3725,0.0175
0.3725,0.1075
0.3775,0.1125
0.3875,0.0225
0.3925,0.1175
0.3975,0.1225
0.4075,0.1275
0.4175,0.1325
0.4275,0.1375
0.4375,0.1425
0.4475,0.1475
0.4575,0.1525
0.4675,0.1575
0.4775,0.1625
