x,y
0.208479,0.00528177
0.218367,0.0126935
0.228408,0.0193185
0.233472,0.0247502
0.241092,0.0301492
0.251273,0.0351664
0.258899,0.0397183
0.266498,0.0439556
0.269016,0.0485098
0.276554,0.0523974
0.284033,0.0560522
0.28898,0.0600129
0.296332,0.0832453
0.296335,0.078277
0.296339,0.0733087
0.296342,0.0683403
0.296345,0.063372
0.3025,0.0575
0.3025,0.0625
0.3025,0.0675
0.3125,0.0725
0.3175,0.0775
0.3275,0.0825
0.3375,0.0875
0.3475,0.0925
0.3575,0.0975
0.3625,0.0125
0.3675,0.1025
0.3725,0.1075
0.3775,0.0175
0.3825,0.1125
0.3925,0.0225
0.3925,0.1175
0.4075,0.1225
0.4125,0.1275
0.4225,0.1325
0.4325,0.1375
0.4425,0.1425
0.4525,0.1475
0.4625,0.1525
0.4725,0.1575
0.4825,0.1625
