x,y
0.206039,0.00453825
0.21588,0.0121359
0.230934,0.0196545
0.238546,0.0252007
0.246181,0.0303487
0.253817,0.0351276
0.256358,0.0398312
0.266498,0.0439556
0.274053,0.0479102
0.281554,0.0516143
0.284033,0.0560522
0.293902,0.0589707
0.296335,0.078277
0.296339,0.0733087
0.296342,0.0683403
0.296345,0.063372
0.3025,0.0575
0.3025,0.0625
0.3075,0.0675
0.3175,0.0725
0.3225,0.0775
0.3325,0.0825
0.3475,0.0875
0.3575,0.0925
0.3625,0.0125
0.3625,0.0975
0.3725,0.1025
0.3775,0.0175
0.3825,0.1075
0.3975,0.0225
0.3975,0.1125
0.4025,0.1175
0.4125,0.1225
0.4225,0.1275
0.4325,0.1325
0.4475,0.1375
0.4525,0.1425
0.4625,0.1475
0.4725,0.1525
0.4825,0.1575
