x,y
0.208479,0.00528177
0.218367,0.0126935
0.233464,0.0199488
0.236007,0.0249959
0.248727,0.0303886
0.251273,0.0351664
0.258899,0.0397183
0.266498,0.0439556
0.276563,0.047558
0.279057,0.0520227
0.286515,0.0555927
0.296335,0.078277
0.296339,0.0733087
0.296342,0.0683403
0.296345,0.063372
0.296349,0.0584037
0.3025,0.0575
0.3025,0.0625
0.3075,0.0675
0.3175,0.0725
0.3275,0.0775
0.3375,0.0825
0.3525,0.0875
0.3525,0.0925
0.3625,0.0125
0.3675,0.0975
0.3775,0.1025
0.3825,0.0175
0.3925,0.0225
0.3925,0.1075
0.3925,0.1125
0.4075,0.1175
0.4175,0.1225
0.4325,0.1275
0.4375,0.1325
0.4475,0.1375
0.4625,0.1425
0.4675,0.1475
0.4775,0.1525
