x,y
0.206039,0.00453825
0.220863,0.0132089
0.230934,0.0196545
0.238546,0.0252007
0.246181,0.0303487
0.253817,0.0351276
0.261438,0.0395678
0.269024,0.0437006
0.276563,0.047558
0.281554,0.0516143
0.291453,0.0545776
0.296335,0.078277
0.296339,0.0733087
0.296342,0.0683403
0.296345,0.063372
0.296349,0.0584037
0.3025,0.0575
0.3075,0.0625
0.3125,0.0675
0.3275,0.0725
0.3325,0.0775
0.3475,0.0825
0.3525,0.0875
0.3675,0.0125
0.3675,0.0925
0.3725,0.0975
0.3825,0.0175
0.3825,0.1025
0.3925,0.1075
0.4025,0.0225
0.4075,0.1125
0.4175,0.1175
0.4275,0.1225
0.4375,0.1275
0.4475,0.1325
0.4575,0.1375
0.4675,0.1425
0.4825,0.1475
