x,y
0.210931,0.00598275
0.220863,0.0132089
0.233464,0.0199488
0.238546,0.0252007
0.251273,0.0303886
0.258903,0.0349338
0.261438,0.0395678
0.271546,0.0434093
0.276563,0.047558
0.284043,0.0511726
0.293908,0.0540223
0.296335,0.078277
0.296339,0.0733087
0.296342,0.0683403
0.296345,0.063372
0.296349,0.0584037
0.3025,0.0525
0.3025,0.0575
0.3025,0.0625
0.3175,0.0675
0.3275,0.0725
0.3325,0.0775
0.3425,0.0825
0.3575,0.0875
0.3625,0.0925
0.3675,0.0125
0.3775,0.0975
0.3875,0.0175
0.3875,0.1025
0.3975,0.1075
0.4075,0.0225
0.4125,0.1125
0.4175,0.1175
0.4275,0.1225
0.4425,0.1275
0.4525,0.1325
0.4625,0.1375
0.4725,0.1425
