x,y
0.213395,0.00664099
0.21588,0.0121359
0.230934,0.0196545
0.238546,0.0252007
0.248727,0.0303886
0.256361,0.03505
0.263973,0.0393798
0.276563,0.047558
0.276573,0.0427185
0.286524,0.0506975
0.288988,0.0551011
0.296339,0.0733087
0.296342,0.0683403
0.296345,0.063372
0.296349,0.0584037
0.3025,0.0525
0.3025,0.0575
0.3075,0.0625
0.3175,0.0675
0.3225,0.0725
0.3375,0.0775
0.3475,0.0825
0.3575,0.0875
0.3675,0.0125
0.3675,0.0925
0.3775,0.0975
0.3875,0.0175
0.3875,0.1025
0.3975,0.0225
0.4025,0.1075
0.4075,0.1125
0.4275,0.1175
0.4325,0.1225
0.4425,0.1275
0.4525,0.1325
0.4625,0.1375
0.4775,0.1425
