x,y
0.208479,0.00528177
0.225879,0.0141125
0.233464,0.0199488
0.241088,0.0253647
0.248727,0.0303886
0.258903,0.0349338
0.266505,0.0391543
0.269024,0.0437006
0.279067,0.0471709
0.288996,0.0501893
0.291453,0.0545776
0.296339,0.0733087
0.296342,0.0683403
0.296345,0.063372
0.296349,0.0584037
0.3025,0.0525
0.3025,0.0575
0.3075,0.0625
0.3225,0.0675
0.3275,0.0725
0.3375,0.0775
0.3525,0.0825
0.3575,0.0875
0.3675,0.0925
0.3725,0.0125
0.3825,0.0975
0.3875,0.0175
0.3925,0.1025
0.4025,0.1075
0.4175,0.1125
0.4225,0.1175
0.4325,0.1225
0.4475,0.1275
0.4575,0.1325
0.4675,0.1375
0.4825,0.1425
