x,y
0.208479,0.00528177
0.220863,0.0132089
0.236,0.0202013
0.243632,0.0254877
0.251273,0.0303886
0.261443,0.0347788
0.263973,0.0393798
0.274063,0.0430819
0.279067,0.0471709
0.288996,0.0501893
0.296339,0.0733087
0.296342,0.0683403
0.296345,0.063372
0.296349,0.0584037
0.296352,0.0534354
0.3025,0.0525
0.3025,0.0575
0.3125,0.0625
0.3275,0.0675
0.3325,0.0725
0.3425,0.0775
0.3525,0.0825
0.3675,0.0875
0.3775,0.0125
0.3775,0.0925
0.3925,0.0175
0.3925,0.0975
0.3975,0.1025
0.4075,0.1075
0.4175,0.1125
0.4325,0.1175
0.4425,0.1225
0.4575,0.1275
0.4725,0.1325
0.4775,0.1375
