x,y
0.213395,0.00664099
0.223367,0.013682
0.230934,0.0196545
0.241088,0.0253647
0.248727,0.0303886
0.256361,0.03505
0.269033,0.0388914
0.271546,0.0434093
0.281564,0.0467492
0.29146,0.049648
0.293908,0.0540223
0.296339,0.0733087
0.296342,0.0683403
0.296345,0.063372
0.296349,0.0584037
0.3025,0.0525
0.3025,0.0575
0.3125,0.0625
0.3225,0.0675
0.3325,0.0725
0.3475,0.0775
0.3575,0.0825
0.3625,0.0875
0.3775,0.0125
0.3775,0.0925
0.3875,0.0175
0.3875,0.0975
0.4025,0.1025
0.4125,0.1075
0.4275,0.1125
0.4375,0.1175
0.4425,0.1225
0.4575,0.1275
0.4675,0.1325
0.4775,0.1375
