x,y
0.208479,0.00528177
0.225879,0.0141125
0.236,0.0202013
0.243632,0.0254877
0.251273,0.0303886
0.258903,0.0349338
0.266505,0.0391543
0.274063,0.0430819
0.281564,0.0467492
0.286524,0.0506975
0.296339,0.0733087
0.296342,0.0683403
0.296345,0.063372
0.296349,0.0584037
0.296352,0.0534354
0.3025,0.0475
0.3025,0.0525
0.3075,0.0575
0.3125,0.0625
0.3225,0.0675
0.3375,0.0725
0.3475,0.0775
0.3625,0.0825
0.3675,0.0875
0.3725,0.0125
0.3775,0.0925
0.3925,0.0175
0.3925,0.0975
0.4075,0.1025
0.4125,0.1075
0.4225,0.1125
0.4375,0.1175
0.4525,0.1225
0.4575,0.1275
0.4725,0.1325
