x,y
0.210931,0.00598275
0.220863,0.0132089
0.236,0.0202013
0.246179,0.0255698
0.248727,0.0303886
0.258903,0.0349338
0.269033,0.0388914
0.276573,0.0427185
0.286533,0.0458023
0.288996,0.0501893
0.296339,0.0733087
0.296342,0.0683403
0.296345,0.063372
0.296349,0.0584037
0.296352,0.0534354
0.3025,0.0525
0.3025,0.0575
0.3125,0.0625
0.3275,0.0675
0.3375,0.0725
0.3525,0.0775
0.3575,0.0825
0.3675,0.0875
0.3775,0.0125
0.3825,0.0925
0.3925,0.0175
0.3975,0.0975
0.4025,0.1025
0.4175,0.1075
0.4275,0.1125
0.4375,0.1175
0.4525,0.1225
0.4675,0.1275
0.4725,0.1325
