x,y
0.206039,0.00453825
0.220863,0.0132089
0.236,0.0202013
0.243632,0.0254877
0.251273,0.0303886
0.258903,0.0349338
0.266505,0.0391543
0.279077,0.0423192
0.281564,0.0467492
0.29146,0.049648
0.296339,0.0733087
0.296342,0.0683403
0.296345,0.063372
0.296349,0.0584037
0.296352,0.0534354
0.3025,0.0475
0.3025,0.0525
0.3075,0.0575
0.3175,0.0625
0.3225,0.0675
0.3375,0.0725
0.3525,0.0775
0.3625,0.0825
0.3775,0.0125
0.3775,0.0875
0.3825,0.0925
0.3975,0.0175
0.3975,0.0975
0.4075,0.1025
0.4225,0.1075
0.4275,0.1125
0.4425,0.1175
0.4525,0.1225
0.4675,0.1275
0.4775,0.1325
