x,y
0.208479,0.00528177
0.220863,0.0132089
0.236,0.0202013
0.243632,0.0254877
0.253819,0.0303487
0.261443,0.0347788
0.269033,0.0388914
0.276573,0.0427185
0.288996,0.0501893
0.289004,0.0452774
0.296342,0.0683403
0.296345,0.063372
0.296349,0.0584037
0.296352,0.0534354
0.3025,0.0475
0.3025,0.0525
0.3025,0.0575
0.3175,0.0625
0.3275,0.0675
0.3425,0.0725
0.3525,0.0775
0.3625,0.0825
0.3725,0.0875
0.3825,0.0125
0.3825,0.0925
0.3975,0.0175
0.3975,0.0975
0.4075,0.1025
0.4225,0.1075
0.4375,0.1125
0.4475,0.1175
0.4575,0.1225
0.4725,0.1275
