x,y
0.206039,0.00453825
0.223367,0.013682
0.23854,0.0204117
0.241088,0.0253647
0.251273,0.0303886
0.261443,0.0347788
0.271555,0.0385911
0.276573,0.0427185
0.286533,0.0458023
0.288996,0.0501893
0.296342,0.0683403
0.296345,0.063372
0.296349,0.0584037
0.296352,0.0534354
0.3025,0.0475
0.3025,0.0525
0.3075,0.0575
0.3175,0.0625
0.3325,0.0675
0.3475,0.0725
0.3575,0.0775
0.3625,0.0825
0.3775,0.0875
0.3825,0.0125
0.3875,0.0925
0.3975,0.0975
0.4025,0.0175
0.4125,0.1025
0.4225,0.1075
0.4375,0.1125
0.4475,0.1175
0.4625,0.1225
0.4725,0.1275
