x,y
0.210931,0.00598275
0.228399,0.0145003
0.236,0.0202013
0.246179,0.0255698
0.253819,0.0303487
0.26398,0.0345851
0.271555,0.0385911
0.279077,0.0423192
0.289004,0.0452774
0.29146,0.049648
0.296342,0.0683403
0.296345,0.063372
0.296349,0.0584037
0.296352,0.0534354
0.3025,0.0475
0.3025,0.0525
0.3075,0.0575
0.3225,0.0625
0.3325,0.0675
0.3475,0.0725
0.3625,0.0775
0.3675,0.0825
0.3775,0.0875
0.3825,0.0125
0.3925,0.0925
0.3975,0.0175
0.4075,0.0975
0.4125,0.1025
0.4275,0.1075
0.4375,0.1125
0.4525,0.1175
0.4625,0.1225
0.4775,0.1275
