x,y
0.206039,0.00453825
0.220863,0.0132089
0.236,0.0202013
0.243632,0.0254877
0.253819,0.0303487
0.261443,0.0347788
0.269033,0.0388914
0.281574,0.0418841
0.284052,0.046293
0.293913,0.0490739
0.296342,0.0683403
0.296345,0.063372
0.296349,0.0584037
0.296352,0.0534354
0.3025,0.0475
0.3025,0.0525
0.3125,0.0575
0.3225,0.0625
0.3375,0.0675
0.3525,0.0725
0.3575,0.0775
0.3675,0.0825
0.3825,0.0125
0.3825,0.0875
0.3975,0.0175
0.3975,0.0925
0.4025,0.0975
0.4225,0.1025
0.4375,0.1075
0.4525,0.1125
0.4525,0.1175
0.4675,0.1225
