x,y
0.210931,0.00598275
0.225879,0.0141125
0.241083,0.0205802
0.243632,0.0254877
0.253819,0.0303487
0.26398,0.0345851
0.276583,0.0378791
0.279077,0.0423192
0.289004,0.0452774
0.29146,0.049648
0.296342,0.0683403
0.296345,0.063372
0.296349,0.0584037
0.296352,0.0534354
0.3025,0.0425
0.3025,0.0475
0.3025,0.0525
0.3225,0.0575
0.3225,0.0625
0.3375,0.0675
0.3525,0.0725
0.3625,0.0775
0.3725,0.0825
0.3875,0.0875
0.3925,0.0125
0.4025,0.0925
0.4125,0.0175
0.4125,0.0975
0.4275,0.1025
0.4425,0.1075
0.4525,0.1125
0.4675,0.1175
0.4825,0.1225
