x,y
0.208479,0.00528177
0.228399,0.0145003
0.23854,0.0204117
0.246179,0.0255698
0.258908,0.0301492
0.269041,0.0340822
0.271555,0.0385911
0.284062,0.0414134
0.286533,0.0458023
0.296342,0.0683403
0.296345,0.063372
0.296349,0.0584037
0.296352,0.0534354
0.296356,0.0484671
0.3025,0.0425
0.3025,0.0475
0.3075,0.0525
0.3225,0.0575
0.3275,0.0625
0.3425,0.0675
0.3525,0.0725
0.3675,0.0775
0.3825,0.0825
0.3925,0.0125
0.3975,0.0875
0.4125,0.0925
0.4175,0.0175
0.4175,0.0975
0.4275,0.1025
0.4425,0.1075
0.4575,0.1125
0.4725,0.1175
