x,y
0.213395,0.00664099
0.225879,0.0141125
0.241083,0.0205802
0.243632,0.0254877
0.253819,0.0303487
0.266513,0.0343529
0.276583,0.0378791
0.279077,0.0423192
0.289004,0.0452774
0.29146,0.049648
0.296342,0.0683403
0.296345,0.063372
0.296349,0.0584037
0.296352,0.0534354
0.3025,0.0425
0.3025,0.0475
0.3025,0.0525
0.3175,0.0575
0.3275,0.0625
0.3425,0.0675
0.3575,0.0725
0.3725,0.0775
0.3875,0.0825
0.3925,0.0125
0.3925,0.0875
0.4075,0.0175
0.4075,0.0925
0.4175,0.0975
0.4325,0.1025
0.4475,0.1075
0.4625,0.1125
0.4725,0.1175
