x,y
0.208479,0.00528177
0.228399,0.0145003
0.23854,0.0204117
0.246179,0.0255698
0.258908,0.0301492
0.269041,0.0340822
0.271555,0.0385911
0.281574,0.0418841
0.293918,0.0441255
0.296342,0.0683403
0.296345,0.063372
0.296349,0.0584037
0.296352,0.0534354
0.296356,0.0484671
0.3025,0.0425
0.3025,0.0475
0.3025,0.0525
0.3175,0.0575
0.3325,0.0625
0.3475,0.0675
0.3575,0.0725
0.3675,0.0775
0.3825,0.0825
0.3925,0.0125
0.4025,0.0875
0.4075,0.0925
0.4125,0.0175
0.4225,0.0975
0.4375,0.1025
0.4475,0.1075
0.4625,0.1125
0.4775,0.1175
