x,y
0.1875,0.0025
0.1875,0.0075
0.1875,0.0125
0.1875,0.0175
0.1925,0.0225
0.1925,0.0275
0.1925,0.0325
0.1925,0.0375
0.1925,0.0425
0.1925,0.0475
0.1925,0.0525
0.1925,0.0575
0.1925,0.0625
0.1925,0.0675
0.1975,0.1975
0.2012,0.0378916
0.201201,0.0428796
0.203617,0.0485842
0.206052,0.054207
0.208504,0.0597512
0.21097,0.0652201
0.21345,0.0706172
0.21843,0.076361
0.220939,0.0815783
0.223455,0.0867366
0.228491,0.0920944
0.231021,0.0971071
0.236078,0.102229
0.238612,0.107122
0.243675,0.112049
0.248736,0.116869
0.251264,0.12162
0.253788,0.12635
0.261352,0.130937
0.263863,0.135614
0.268883,0.140178
0.27389,0.144718
0.278884,0.149248
0.283865,0.153784
0.288837,0.158341
0.293801,0.162934
0.296266,0.182625
0.29627,0.17766
0.296275,0.172696
0.296279,0.167731
0.298802,0.0329037
0.298803,0.0279157
0.298805,0.0229277
0.298807,0.0179398
0.298808,0.0129518
0.29881,0.00796384
0.3025,0.1625
0.3025,0.1675
0.3025,0.1725
0.3125,0.1775
0.3175,0.1825
0.3275,0.0125
0.3275,0.1875
0.3325,0.0175
0.3375,0.0225
0.3375,0.1925
0.3425,0.0275
0.3475,0.0325
0.3475,0.1975
0.3525,0.0375
0.3575,0.0425
0.3625,0.0475
0.3675,0.0525
0.3725,0.0575
0.3775,0.0625
0.3825,0.0675
0.3875,0.0725
0.3925,0.0775
0.3975,0.0825
0.4025,0.0875
0.4075,0.0925
