x,y
0.1875,0.0025
0.1875,0.0075
0.1925,0.0125
0.1925,0.0175
0.1925,0.0225
0.1925,0.0275
0.1925,0.0325
0.1925,0.0375
0.1925,0.0425
0.1925,0.0475
0.1925,0.0525
0.1925,0.0575
0.1925,0.0625
0.1975,0.1975
0.201198,0.0329037
0.2012,0.0378916
0.203613,0.0436198
0.206045,0.0492648
0.208495,0.0548301
0.21096,0.060319
0.213439,0.0657348
0.218418,0.0715124
0.220927,0.0767448
0.223443,0.0819169
0.225965,0.0870322
0.231011,0.0923214
0.233544,0.097297
0.238605,0.102359
0.241141,0.10722
0.246204,0.112095
0.251264,0.116869
0.253791,0.121599
0.258837,0.126252
0.263872,0.130845
0.26638,0.135512
0.271394,0.140052
0.276395,0.144573
0.281382,0.14909
0.286358,0.153618
0.291324,0.158172
0.29627,0.17766
0.296275,0.172696
0.296279,0.167731
0.296283,0.162767
0.298803,0.0279157
0.298805,0.0229277
0.298807,0.0179398
0.298808,0.0129518
0.29881,0.00796384
0.3025,0.1575
0.3025,0.1625
0.3025,0.1675
0.3075,0.1725
0.3175,0.1775
0.3225,0.1825
0.3275,0.0125
0.3275,0.1875
0.3325,0.0175
0.3375,0.1925
0.3425,0.0225
0.3475,0.0275
0.3525,0.0325
0.3525,0.1975
0.3575,0.0375
0.3625,0.0425
0.3675,0.0475
0.3725,0.0525
0.3775,0.0575
0.3825,0.0625
0.3875,0.0675
0.3925,0.0725
0.3975,0.0775
0.4025,0.0825
0.4075,0.0875
0.4125,0.0925
