x,y
0.1925,0.0025
0.1925,0.0075
0.1925,0.0125
0.1925,0.0175
0.1925,0.0225
0.1925,0.0275
0.1925,0.0325
0.1925,0.0375
0.1925,0.0425
0.1925,0.0475
0.1925,0.0525
0.1925,0.0575
0.1975,0.1975
0.201197,0.0279157
0.201198,0.0329037
0.203608,0.0386553
0.206038,0.0443227
0.208486,0.0499091
0.21095,0.0554179
0.213428,0.0608524
0.215917,0.0662161
0.220914,0.0719113
0.22343,0.0770972
0.228468,0.0825028
0.231,0.0875357
0.236061,0.0926907
0.238598,0.0975959
0.241135,0.102463
0.246202,0.107344
0.248735,0.112119
0.253793,0.116847
0.256317,0.121557
0.261359,0.126174
0.268904,0.130607
0.271405,0.135257
0.276407,0.139754
0.281395,0.144241
0.286369,0.148735
0.291333,0.153251
0.29627,0.17766
0.296275,0.172696
0.296279,0.167731
0.296283,0.162767
0.296288,0.157802
0.298805,0.0229277
0.298807,0.0179398
0.298808,0.0129518
0.29881,0.00796384
0.3025,0.1575
0.3025,0.1625
0.3075,0.1675
0.3125,0.1725
0.3175,0.1775
0.3275,0.0125
0.3275,0.1825
0.3375,0.0175
0.3375,0.1875
0.3425,0.0225
0.3425,0.1925
0.3475,0.0275
0.3525,0.0325
0.3575,0.1975
0.3625,0.0375
0.3675,0.0425
0.3725,0.0475
0.3775,0.0525
0.3825,0.0575
0.3875,0.0625
0.3925,0.0675
0.3975,0.0725
0.4025,0.0775
0.4075,0.0825
0.4125,0.0875
