x,y
0.1925,0.0025
0.1925,0.0075
0.1925,0.0125
0.1925,0.0175
0.1925,0.0225
0.1925,0.0275
0.1925,0.0325
0.1925,0.0375
0.1925,0.0425
0.1925,0.0475
0.1925,0.0525
0.1975,0.1975
0.201195,0.0229277
0.201197,0.0279157
0.203604,0.0336908
0.206032,0.0393805
0.208478,0.0449881
0.21094,0.0505168
0.213416,0.05597
0.218393,0.0618152
0.220901,0.0670777
0.223418,0.0722775
0.225941,0.077418
0.230989,0.08275
0.233524,0.0877433
0.238591,0.0928329
0.241129,0.0977047
0.246199,0.102592
0.248734,0.107369
0.253796,0.112095
0.258848,0.116736
0.261367,0.121411
0.266399,0.125958
0.271417,0.130461
0.273914,0.135104
0.278909,0.139581
0.283889,0.144054
0.288857,0.148539
0.293814,0.15305
0.296275,0.172696
0.296279,0.167731
0.296283,0.162767
0.296288,0.157802
0.298807,0.0179398
0.298808,0.0129518
0.29881,0.00796384
0.3025,0.1525
0.3025,0.1575
0.3025,0.1625
0.3125,0.1675
0.3175,0.1725
0.3275,0.0125
0.3275,0.1775
0.3325,0.0175
0.3325,0.1825
0.3425,0.0225
0.3425,0.1875
0.3475,0.1925
0.3525,0.0275
0.3575,0.0325
0.3625,0.1975
0.3675,0.0375
0.3725,0.0425
0.3775,0.0475
0.3825,0.0525
0.3875,0.0575
0.3925,0.0625
0.3975,0.0675
0.4025,0.0725
0.4075,0.0775
0.4125,0.0825
