x,y
0.1925,0.0025
0.1925,0.0075
0.1925,0.0125
0.1925,0.0175
0.1925,0.0225
0.1925,0.0275
0.1925,0.0325
0.1925,0.0375
0.1925,0.0425
0.1925,0.0475
0.1975,0.1975
0.201193,0.0179398
0.201195,0.0229277
0.201197,0.0279157
0.203604,0.0336908
0.208469,0.0400671
0.21093,0.0456157
0.213405,0.0510876
0.215893,0.0564863
0.220889,0.0622442
0.223405,0.0674578
0.225928,0.0726108
0.230979,0.0779643
0.233515,0.0829664
0.238584,0.0880699
0.241124,0.0929468
0.246197,0.0978407
0.251267,0.102618
0.253798,0.107344
0.258854,0.111978
0.263897,0.116537
0.266409,0.121181
0.271428,0.125665
0.276432,0.130114
0.278922,0.134747
0.283902,0.139189
0.288867,0.143638
0.293821,0.148108
0.296279,0.167731
0.296283,0.162767
0.296288,0.157802
0.296292,0.152838
0.298808,0.0129518
0.29881,0.00796384
0.3025,0.1475
0.3025,0.1525
0.3025,0.1575
0.3075,0.1625
0.3175,0.1675
0.3225,0.1725
0.3275,0.0125
0.3325,0.1775
0.3375,0.0175
0.3375,0.1825
0.3425,0.0225
0.3475,0.1875
0.3525,0.1925
0.3575,0.0275
0.3625,0.0325
0.3675,0.1975
0.3725,0.0375
0.3775,0.0425
0.3825,0.0475
0.3875,0.0525
0.3925,0.0575
0.3975,0.0625
0.4025,0.0675
0.4075,0.0725
0.4125,0.0775
