x,y
0.1925,0.0025
0.1925,0.0075
0.1925,0.0125
0.1925,0.0175
0.1925,0.0225
0.1925,0.0275
0.1925,0.0325
0.1925,0.0375
0.1925,0.0425
0.1925,0.0475
0.1975,0.1975
0.201193,0.0179398
0.201195,0.0229277
0.2036,0.0287264
0.206025,0.0344384
0.208469,0.0400671
0.213394,0.0462053
0.215881,0.0516215
0.21838,0.0569666
0.220889,0.0622442
0.225916,0.0678037
0.228445,0.0729112
0.233505,0.0781896
0.236044,0.0831521
0.241118,0.0881888
0.243658,0.0930322
0.248732,0.0978679
0.251267,0.102618
0.256329,0.107295
0.261381,0.111885
0.263897,0.116537
0.268926,0.121036
0.273938,0.125489
0.276432,0.130114
0.28142,0.134544
0.286392,0.13897
0.29135,0.143409
0.296279,0.167731
0.296283,0.162767
0.296288,0.157802
0.296292,0.152838
0.296296,0.147874
0.298808,0.0129518
0.29881,0.00796384
0.3025,0.1475
0.3025,0.1525
0.3075,0.1575
0.3125,0.1625
0.3225,0.1675
0.3275,0.0125
0.3275,0.1725
0.3325,0.1775
0.3375,0.0175
0.3425,0.0225
0.3425,0.1825
0.3525,0.0275
0.3525,0.1875
0.3625,0.1925
0.3675,0.0325
0.3725,0.0375
0.3725,0.1975
0.3775,0.0425
0.3825,0.0475
0.3925,0.0525
0.3975,0.0575
0.4025,0.0625
0.4075,0.0675
0.4125,0.0725
0.4175,0.0775
