x,y
0.1925,0.0025
0.1925,0.0075
0.1925,0.0125
0.1925,0.0175
0.1925,0.0225
0.1925,0.0275
0.1925,0.0325
0.1925,0.0375
0.1925,0.0425
0.1975,0.1975
0.201192,0.0129518
0.201193,0.0179398
0.203595,0.0237619
0.206018,0.0294963
0.20846,0.035146
0.21092,0.0407146
0.215869,0.0467566
0.218368,0.052118
0.220876,0.0574107
0.225904,0.0629966
0.228434,0.0681154
0.230968,0.0731785
0.236036,0.0783828
0.238577,0.083307
0.243654,0.0882781
0.246195,0.0930891
0.251268,0.0978679
0.256333,0.10254
0.258859,0.10722
0.263905,0.111768
0.266418,0.116405
0.27144,0.120869
0.276445,0.125294
0.281432,0.129695
0.283914,0.134324
0.288878,0.138737
0.296283,0.162767
0.296288,0.157802
0.296292,0.152838
0.296296,0.147874
0.296301,0.142909
0.29881,0.00796384
0.3025,0.1425
0.3025,0.1475
0.3075,0.1525
0.3125,0.1575
0.3175,0.1625
0.3275,0.0125
0.3275,0.1675
0.3325,0.1725
0.3375,0.0175
0.3375,0.1775
0.3475,0.0225
0.3475,0.1825
0.3525,0.1875
0.3575,0.0275
0.3625,0.1925
0.3675,0.0325
0.3775,0.0375
0.3775,0.1975
0.3825,0.0425
0.3875,0.0475
0.3975,0.0525
0.4025,0.0575
0.4075,0.0625
0.4125,0.0675
0.4175,0.0725
