x,y
0.1925,0.0025
0.1925,0.0075
0.1925,0.0125
0.1925,0.0175
0.1925,0.0225
0.1925,0.0275
0.1925,0.0325
0.1975,0.1975
0.20119,0.00796384
0.201192,0.0129518
0.203591,0.0187974
0.206012,0.0245541
0.208452,0.030225
0.213371,0.0364405
0.215857,0.0418917
0.218355,0.0472694
0.223368,0.0529986
0.225892,0.0581894
0.230947,0.0636071
0.233486,0.0686358
0.238563,0.073781
0.241107,0.078673
0.24619,0.083586
0.248731,0.0883673
0.253805,0.0930891
0.256337,0.0977863
0.263922,0.102229
0.266437,0.106851
0.271463,0.111278
0.273963,0.115875
0.27896,0.120247
0.283938,0.124595
0.288898,0.128934
0.293841,0.133281
0.296292,0.152838
0.296296,0.147874
0.296301,0.142909
0.296305,0.137945
0.3025,0.1325
0.3025,0.1375
0.3025,0.1425
0.3075,0.1475
0.3125,0.1525
0.3225,0.1575
0.3275,0.1625
0.3325,0.0125
0.3325,0.1675
0.3425,0.0175
0.3425,0.1725
0.3475,0.0225
0.3475,0.1775
0.3575,0.0275
0.3575,0.1825
0.3675,0.0325
0.3675,0.1875
0.3725,0.1925
0.3775,0.0375
0.3875,0.1975
0.3925,0.0425
0.3975,0.0475
0.4075,0.0525
0.4125,0.0575
0.4175,0.0625
0.4275,0.0675
