x,y
0.1925,0.0025
0.1925,0.0075
0.1925,0.0125
0.1925,0.0175
0.1925,0.0225
0.1925,0.0275
0.1925,0.0325
0.1975,0.1975
0.20119,0.00796384
0.201192,0.0129518
0.203591,0.0187974
0.208443,0.025304
0.210899,0.0309124
0.213371,0.0364405
0.218342,0.0424208
0.220851,0.0477436
0.22588,0.0533823
0.228411,0.0585238
0.233476,0.0638589
0.236019,0.0688442
0.241101,0.0739151
0.243646,0.0787698
0.24873,0.083617
0.253808,0.0883375
0.256342,0.0930322
0.261402,0.0975959
0.263922,0.102229
0.268958,0.106679
0.273975,0.111068
0.27647,0.115655
0.281457,0.119998
0.286426,0.124323
0.291376,0.128645
0.296292,0.152838
0.296296,0.147874
0.296301,0.142909
0.296305,0.137945
0.296309,0.13298
0.3025,0.1325
0.3025,0.1375
0.3075,0.1425
0.3125,0.1475
0.3175,0.1525
0.3275,0.1575
0.3325,0.0125
0.3325,0.1625
0.3375,0.0175
0.3375,0.1675
0.3475,0.0225
0.3475,0.1725
0.3525,0.1775
0.3575,0.0275
0.3625,0.1825
0.3675,0.0325
0.3675,0.1875
0.3775,0.0375
0.3775,0.1925
0.3925,0.0425
0.3925,0.1975
0.4025,0.0475
0.4125,0.0525
0.4175,0.0575
0.4225,0.0625
0.4275,0.0675
