x,y
0.1925,0.0025
0.1925,0.0075
0.1925,0.0125
0.1925,0.0175
0.1925,0.0225
0.1925,0.0275
0.1975,0.1975
0.20119,0.00796384
0.203587,0.013833
0.206005,0.019612
0.210889,0.0260113
0.21336,0.0315581
0.215845,0.0370268
0.220838,0.04291
0.223355,0.0481789
0.2284,0.053728
0.230936,0.0588214
0.236011,0.0640749
0.238556,0.0690181
0.243642,0.0740157
0.248729,0.0788667
0.25127,0.083617
0.256346,0.0882781
0.258876,0.0929468
0.263931,0.09746
0.271474,0.106482
0.271486,0.101686
0.278985,0.11058
0.283962,0.114865
0.286437,0.119441
0.291384,0.123724
0.296296,0.147874
0.296301,0.142909
0.296305,0.137945
0.296309,0.13298
0.296314,0.128016
0.3025,0.1275
0.3025,0.1325
0.3025,0.1375
0.3125,0.1425
0.3175,0.1475
0.3225,0.1525
0.3275,0.1575
0.3325,0.0125
0.3375,0.1625
0.3425,0.0175
0.3425,0.1675
0.3525,0.0225
0.3525,0.1725
0.3575,0.1775
0.3625,0.0275
0.3675,0.1825
0.3725,0.0325
0.3725,0.1875
0.3825,0.0375
0.3825,0.1925
0.3925,0.0425
0.3975,0.1975
0.4075,0.0475
0.4175,0.0525
0.4225,0.0575
0.4275,0.0625
