x,y
0.201189,0.00297588
0.203582,0.00886852
0.205998,0.0146698
0.208435,0.020383
0.213349,0.0266758
0.215833,0.032162
0.220825,0.0380765
0.223343,0.0433592
0.228388,0.0489322
0.230926,0.0540357
0.236002,0.0593057
0.238549,0.0642551
0.243638,0.0692616
0.246185,0.0740828
0.253813,0.0788344
0.25635,0.0835239
0.261416,0.0880699
0.266466,0.0925202
0.268979,0.0971071
0.273999,0.101454
0.276495,0.106015
0.281482,0.110301
0.286448,0.114559
0.291393,0.118803
0.296301,0.142909
0.296305,0.137945
0.296309,0.13298
0.296314,0.128016
0.296318,0.123051
0.3025,0.1225
0.3025,0.1275
0.3025,0.1325
0.3075,0.1375
0.3175,0.1425
0.3225,0.1475
0.3275,0.1525
0.3325,0.0125
0.3325,0.1575
0.3425,0.0175
0.3425,0.1625
0.3475,0.1675
0.3525,0.0225
0.3575,0.1725
0.3625,0.0275
0.3625,0.1775
0.3725,0.0325
0.3725,0.1825
0.3775,0.1875
0.3825,0.0375
0.3875,0.1925
0.3975,0.0425
0.4025,0.1975
0.4175,0.0475
0.4225,0.0525
0.4275,0.0575
