x,y
0.203578,0.00390405
0.203582,0.00886852
0.208426,0.015462
0.210879,0.0211102
0.215821,0.0272971
0.218317,0.0327237
0.22333,0.0385395
0.225856,0.043768
0.230915,0.04925
0.233457,0.0543052
0.238542,0.0594921
0.24109,0.0643993
0.248727,0.069366
0.251272,0.0741164
0.256354,0.0787698
0.258887,0.0834309
0.263947,0.0879214
0.268989,0.0923214
0.271497,0.0968902
0.276507,0.101196
0.281495,0.105453
0.283974,0.11
0.288928,0.114231
0.293861,0.118455
0.296305,0.137945
0.296309,0.13298
0.296314,0.128016
0.296318,0.123051
0.3025,0.1175
0.3025,0.1225
0.3025,0.1275
0.3075,0.1325
0.3125,0.1375
0.3175,0.1425
0.3275,0.1475
0.3325,0.0125
0.3325,0.1525
0.3375,0.1575
0.3425,0.0175
0.3475,0.1625
0.3525,0.0225
0.3525,0.1675
0.3625,0.0275
0.3625,0.1725
0.3675,0.1775
0.3725,0.0325
0.3775,0.1825
0.3825,0.1875
0.3875,0.0375
0.3925,0.1925
0.3975,0.0425
0.4075,0.1975
0.4125,0.0475
0.4275,0.0525
