x,y
0.203578,0.00390405
0.205992,0.00972766
0.208426,0.015462
0.210879,0.0211102
0.215821,0.0272971
0.220813,0.033243
0.22333,0.0385395
0.228377,0.0441364
0.233448,0.0495283
0.235994,0.0545364
0.241085,0.0596414
0.243634,0.0645075
0.248727,0.069366
0.253815,0.0740828
0.256354,0.0787698
0.261423,0.083307
0.266476,0.0877433
0.271509,0.0920944
0.27652,0.0963761
0.27901,0.100912
0.283986,0.105135
0.288938,0.10933
0.293868,0.113513
0.296305,0.137945
0.296309,0.13298
0.296314,0.128016
0.296318,0.123051
0.296322,0.118087
0.3025,0.1175
0.3025,0.1225
0.3075,0.1275
0.3125,0.1325
0.3175,0.1375
0.3225,0.1425
0.3275,0.1475
0.3325,0.0125
0.3375,0.1525
0.3425,0.0175
0.3425,0.1575
0.3475,0.1625
0.3525,0.0225
0.3575,0.1675
0.3625,0.1725
0.3675,0.0275
0.3725,0.1775
0.3775,0.0325
0.3775,0.1825
0.3875,0.0375
0.3875,0.1875
0.3975,0.0425
0.3975,0.1925
0.4075,0.0475
0.4125,0.1975
