x,y
0.205985,0.00478551
0.208417,0.0105409
0.210869,0.0162091
0.213337,0.0217934
0.218305,0.0278751
0.220813,0.033243
0.225844,0.0389609
0.230904,0.0444643
0.235986,0.0497671
0.238535,0.0547291
0.24363,0.0597534
0.24618,0.0645796
0.251273,0.069366
0.256358,0.0740157
0.258893,0.078673
0.266485,0.0829664
0.269,0.0875357
0.274023,0.0918394
0.279023,0.096079
0.281507,0.100604
0.286471,0.104794
0.29141,0.108961
0.296309,0.13298
0.296314,0.128016
0.296318,0.123051
0.296322,0.118087
0.296327,0.113122
0.3025,0.1125
0.3025,0.1175
0.3025,0.1225
0.3075,0.1275
0.3175,0.1325
0.3225,0.1375
0.3275,0.1425
0.3325,0.1475
0.3375,0.0125
0.3425,0.1525
0.3475,0.0175
0.3475,0.1575
0.3525,0.1625
0.3575,0.0225
0.3625,0.1675
0.3675,0.0275
0.3675,0.1725
0.3775,0.0325
0.3775,0.1775
0.3825,0.1825
0.3875,0.0375
0.3925,0.1875
0.3975,0.0425
0.4025,0.1925
0.4125,0.1975
