x,y
0.205985,0.00478551
0.210859,0.011308
0.213326,0.016911
0.218292,0.0230265
0.223305,0.0289
0.225832,0.0341538
0.233429,0.0399746
0.235977,0.0449978
0.241073,0.0501256
0.243626,0.0549993
0.251274,0.0598654
0.256366,0.0645075
0.258904,0.0691572
0.263972,0.0736135
0.266495,0.0781896
0.274047,0.0822251
0.279048,0.0864119
0.281532,0.0909067
0.286493,0.095029
0.291428,0.0991193
0.296318,0.123051
0.296322,0.118087
0.296327,0.113122
0.296331,0.108158
0.296335,0.103193
0.3025,0.1025
0.3025,0.1075
0.3025,0.1125
0.3125,0.1175
0.3175,0.1225
0.3225,0.1275
0.3275,0.1325
0.3325,0.1375
0.3375,0.0125
0.3425,0.1425
0.3475,0.0175
0.3475,0.1475
0.3525,0.1525
0.3575,0.0225
0.3625,0.1575
0.3675,0.0275
0.3675,0.1625
0.3725,0.1675
0.3825,0.0325
0.3825,0.1725
0.3925,0.0375
0.3925,0.1775
0.3975,0.1825
0.4025,0.0425
0.4075,0.1875
0.4175,0.1925
0.4275,0.1975
