x,y
0.205985,0.00478551
0.210859,0.011308
0.215797,0.0175673
0.220787,0.0235759
0.223305,0.0289
0.228354,0.0345448
0.233429,0.0399746
0.238521,0.0452032
0.243622,0.0502451
0.248725,0.0551151
0.251274,0.0598654
0.256366,0.0645075
0.263981,0.0688442
0.266504,0.0734127
0.271543,0.077707
0.276557,0.0819169
0.279048,0.0864119
0.286505,0.0901467
0.291436,0.0941983
0.296318,0.123051
0.296322,0.118087
0.296327,0.113122
0.296331,0.108158
0.296335,0.103193
0.29634,0.0982289
0.3025,0.0975
0.3025,0.1025
0.3025,0.1075
0.3075,0.1125
0.3175,0.1175
0.3225,0.1225
0.3275,0.1275
0.3325,0.1325
0.3375,0.0125
0.3375,0.1375
0.3475,0.1425
0.3525,0.0175
0.3525,0.1475
0.3575,0.0225
0.3575,0.1525
0.3675,0.1575
0.3725,0.0275
0.3725,0.1625
0.3825,0.0325
0.3825,0.1675
0.3875,0.1725
0.3925,0.0375
0.3975,0.1775
0.4025,0.1825
0.4125,0.1875
0.4225,0.1925
0.4375,0.1975
