x,y
0.205985,0.00478551
0.210859,0.011308
0.215797,0.0175673
0.220787,0.0235759
0.225819,0.0293466
0.230883,0.0348929
0.235969,0.0402285
0.238521,0.0452032
0.246172,0.0503249
0.248725,0.0551151
0.253823,0.0598281
0.261451,0.0642551
0.263981,0.0688442
0.269032,0.0731785
0.274059,0.077418
0.276557,0.0819169
0.284034,0.0856756
0.288979,0.0897256
0.293895,0.0937442
0.296322,0.118087
0.296327,0.113122
0.296331,0.108158
0.296335,0.103193
0.29634,0.0982289
0.3025,0.0975
0.3025,0.1025
0.3075,0.1075
0.3125,0.1125
0.3175,0.1175
0.3275,0.1225
0.3325,0.1275
0.3375,0.1325
0.3425,0.0125
0.3425,0.1375
0.3525,0.0175
0.3525,0.1425
0.3575,0.1475
0.3625,0.0225
0.3625,0.1525
0.3675,0.1575
0.3725,0.0275
0.3775,0.1625
0.3825,0.0325
0.3875,0.1675
0.3925,0.1725
0.3975,0.0375
0.4025,0.1775
0.4075,0.1825
0.4175,0.1875
0.4275,0.1925
0.4425,0.1975
