x,y
0.205985,0.00478551
0.210859,0.011308
0.215797,0.0175673
0.220787,0.0235759
0.225819,0.0293466
0.230883,0.0348929
0.238514,0.0404402
0.241068,0.0453676
0.246172,0.0503249
0.253825,0.0550765
0.25637,0.0597534
0.261451,0.0642551
0.263981,0.0688442
0.271555,0.0729112
0.27657,0.0770972
0.279061,0.0815783
0.284034,0.0856756
0.291445,0.0892773
0.296327,0.113122
0.296331,0.108158
0.296335,0.103193
0.29634,0.0982289
0.296344,0.0932644
0.3025,0.0925
0.3025,0.0975
0.3025,0.1025
0.3075,0.1075
0.3175,0.1125
0.3225,0.1175
0.3275,0.1225
0.3325,0.1275
0.3425,0.0125
0.3425,0.1325
0.3475,0.1375
0.3525,0.0175
0.3525,0.1425
0.3625,0.0225
0.3625,0.1475
0.3675,0.1525
0.3725,0.0275
0.3725,0.1575
0.3825,0.1625
0.3875,0.0325
0.3875,0.1675
0.3975,0.1725
0.4025,0.0375
0.4025,0.1775
0.4125,0.1825
0.4225,0.1875
0.4325,0.1925
0.4425,0.1975
