x,y
0.205985,0.00478551
0.213315,0.0120286
0.215797,0.0175673
0.223293,0.0240803
0.228342,0.029749
0.233419,0.0351977
0.238514,0.0404402
0.243618,0.045491
0.248724,0.0503648
0.253825,0.0550765
0.258915,0.0596414
0.261451,0.0642551
0.269043,0.0683928
0.271555,0.0729112
0.279073,0.0767448
0.281557,0.0812096
0.288989,0.0848245
0.291445,0.0892773
0.296327,0.113122
0.296331,0.108158
0.296335,0.103193
0.29634,0.0982289
0.296344,0.0932644
0.3025,0.0925
0.3025,0.0975
0.3075,0.1025
0.3125,0.1075
0.3175,0.1125
0.3275,0.1175
0.3325,0.1225
0.3425,0.0125
0.3425,0.1275
0.3475,0.1325
0.3525,0.0175
0.3525,0.1375
0.3575,0.1425
0.3625,0.0225
0.3675,0.1475
0.3725,0.1525
0.3775,0.0275
0.3775,0.1575
0.3875,0.0325
0.3875,0.1625
0.3925,0.1675
0.3975,0.0375
0.4025,0.1725
0.4125,0.1775
0.4175,0.1825
0.4275,0.1875
0.4375,0.1925
0.4525,0.1975
