x,y
0.205985,0.00478551
0.213315,0.0120286
0.21828,0.0181779
0.223293,0.0240803
0.228342,0.029749
0.233419,0.0351977
0.238514,0.0404402
0.24617,0.0455733
0.248724,0.0503648
0.256374,0.0549993
0.258915,0.0596414
0.266524,0.0638589
0.269043,0.0683928
0.276582,0.0722775
0.279073,0.0767448
0.286527,0.0803819
0.288989,0.0848245
0.296331,0.108158
0.296335,0.103193
0.29634,0.0982289
0.296344,0.0932644
0.296348,0.0883
0.3025,0.0875
0.3025,0.0925
0.3025,0.0975
0.3125,0.1025
0.3175,0.1075
0.3225,0.1125
0.3325,0.1175
0.3375,0.1225
0.3425,0.0125
0.3425,0.1275
0.3525,0.1325
0.3575,0.0175
0.3575,0.1375
0.3625,0.1425
0.3675,0.0225
0.3675,0.1475
0.3775,0.0275
0.3775,0.1525
0.3825,0.1575
0.3875,0.0325
0.3925,0.1625
0.4025,0.1675
0.4075,0.1725
0.4125,0.1775
0.4225,0.1825
0.4325,0.1875
0.4425,0.1925
0.4575,0.1975
