x,y
0.205985,0.00478551
0.213315,0.0120286
0.220775,0.0187424
0.223293,0.0240803
0.230872,0.0301072
0.23596,0.0354592
0.241062,0.0406097
0.248723,0.0456145
0.253828,0.0503249
0.256374,0.0549993
0.263998,0.0593057
0.266524,0.0638589
0.274084,0.0678037
0.276582,0.0722775
0.284058,0.0759458
0.288999,0.0799234
0.291453,0.0843563
0.296331,0.108158
0.296335,0.103193
0.29634,0.0982289
0.296344,0.0932644
0.296348,0.0883
0.3025,0.0825
0.3025,0.0875
0.3025,0.0925
0.3075,0.0975
0.3175,0.1025
0.3225,0.1075
0.3325,0.1125
0.3375,0.1175
0.3425,0.1225
0.3475,0.0125
0.3525,0.1275
0.3575,0.0175
0.3575,0.1325
0.3675,0.0225
0.3675,0.1375
0.3725,0.1425
0.3775,0.1475
0.3825,0.0275
0.3875,0.1525
0.3925,0.1575
0.4025,0.1625
0.4075,0.1675
0.4175,0.1725
0.4225,0.1775
0.4325,0.1825
0.4425,0.1875
0.4525,0.1925
0.4675,0.1975
