x,y
0.203578,0.00390405
0.213315,0.0120286
0.21828,0.0181779
0.225807,0.0245395
0.230872,0.0301072
0.238507,0.0356773
0.241062,0.0406097
0.248723,0.0456145
0.253828,0.0503249
0.261465,0.0547291
0.263998,0.0593057
0.271577,0.0633196
0.274084,0.0678037
0.281582,0.0715124
0.286538,0.0754995
0.288999,0.0799234
0.296335,0.103193
0.29634,0.0982289
0.296344,0.0932644
0.296348,0.0883
0.296353,0.0833355
0.3025,0.0825
0.3025,0.0875
0.3075,0.0925
0.3125,0.0975
0.3225,0.1025
0.3275,0.1075
0.3325,0.1125
0.3425,0.1175
0.3475,0.0125
0.3475,0.1225
0.3575,0.0175
0.3575,0.1275
0.3625,0.1325
0.3675,0.1375
0.3725,0.0225
0.3775,0.1425
0.3825,0.1475
0.3875,0.0275
0.3925,0.1525
0.3975,0.1575
0.4075,0.1625
0.4175,0.1675
0.4225,0.1725
0.4325,0.1775
0.4375,0.1825
0.4475,0.1875
0.4575,0.1925
0.4725,0.1975
