x,y
0.203578,0.00390405
0.215785,0.0127025
0.220775,0.0187424
0.225807,0.0245395
0.233409,0.0304208
0.23596,0.0354592
0.243614,0.0407369
0.248723,0.0456145
0.256378,0.0502451
0.264006,0.0545364
0.266533,0.0590821
0.274096,0.0629966
0.276595,0.0674578
0.279086,0.0719113
0.289009,0.0750223
0.291462,0.0794352
0.296335,0.103193
0.29634,0.0982289
0.296344,0.0932644
0.296348,0.0883
0.296353,0.0833355
0.3025,0.0825
0.3025,0.0875
0.3075,0.0925
0.3175,0.0975
0.3225,0.1025
0.3325,0.1075
0.3375,0.1125
0.3475,0.0125
0.3475,0.1175
0.3525,0.1225
0.3575,0.1275
0.3625,0.0175
0.3675,0.1325
0.3725,0.0225
0.3725,0.1375
0.3825,0.0275
0.3825,0.1425
0.3875,0.1475
0.3975,0.1525
0.4075,0.1575
0.4125,0.1625
0.4175,0.1675
0.4275,0.1725
0.4325,0.1775
0.4425,0.1825
0.4525,0.1875
0.4625,0.1925
0.4775,0.1975
