x,y
0.205985,0.00478551
0.213315,0.0120286
0.220775,0.0187424
0.228331,0.0249533
0.233409,0.0304208
0.241057,0.0358518
0.243614,0.0407369
0.251277,0.0456145
0.253828,0.0503249
0.261465,0.0547291
0.266533,0.0590821
0.274096,0.0629966
0.276595,0.0674578
0.284071,0.071081
0.286538,0.0754995
0.293915,0.0789177
0.29634,0.0982289
0.296344,0.0932644
0.296348,0.0883
0.296353,0.0833355
0.3025,0.0775
0.3025,0.0825
0.3025,0.0875
0.3125,0.0925
0.3175,0.0975
0.3275,0.1025
0.3375,0.1075
0.3375,0.1125
0.3475,0.0125
0.3475,0.1175
0.3575,0.1225
0.3625,0.0175
0.3625,0.1275
0.3725,0.0225
0.3725,0.1325
0.3775,0.1375
0.3875,0.0275
0.3875,0.1425
0.3975,0.1475
0.4025,0.1525
0.4075,0.1575
0.4175,0.1625
0.4225,0.1675
0.4325,0.1725
0.4425,0.1775
0.4475,0.1825
0.4575,0.1875
0.4675,0.1925
0.4825,0.1975
