x,y
0.208409,0.00561991
0.215785,0.0127025
0.22328,0.0192606
0.225807,0.0245395
0.233409,0.0304208
0.241057,0.0358518
0.243614,0.0407369
0.251277,0.0456145
0.258927,0.0501256
0.261465,0.0547291
0.269064,0.0588214
0.276607,0.062638
0.281595,0.0666638
0.284071,0.071081
0.289009,0.0750223
0.29634,0.0982289
0.296344,0.0932644
0.296348,0.0883
0.296353,0.0833355
0.296357,0.078371
0.3025,0.0775
0.3025,0.0825
0.3075,0.0875
0.3125,0.0925
0.3225,0.0975
0.3275,0.1025
0.3375,0.1075
0.3425,0.1125
0.3525,0.0125
0.3525,0.1175
0.3625,0.0175
0.3625,0.1225
0.3675,0.1275
0.3725,0.1325
0.3775,0.0225
0.3825,0.1375
0.3875,0.0275
0.3875,0.1425
0.3975,0.1475
0.4025,0.1525
0.4125,0.1575
0.4225,0.1625
0.4275,0.1675
0.4375,0.1725
0.4475,0.1775
0.4525,0.1825
0.4625,0.1875
0.4725,0.1925
0.4875,0.1975
