x,y
0.205985,0.00478551
0.215785,0.0127025
0.22328,0.0192606
0.228331,0.0249533
0.235952,0.0306899
0.238507,0.0356773
0.246167,0.0408217
0.25383,0.0455733
0.256378,0.0502451
0.264006,0.0545364
0.271589,0.0585238
0.274096,0.0629966
0.281595,0.0666638
0.284071,0.071081
0.291471,0.0745142
0.29634,0.0982289
0.296344,0.0932644
0.296348,0.0883
0.296353,0.0833355
0.296357,0.078371
0.3025,0.0725
0.3025,0.0775
0.3025,0.0825
0.3125,0.0875
0.3175,0.0925
0.3225,0.0975
0.3325,0.1025
0.3375,0.1075
0.3475,0.1125
0.3525,0.0125
0.3525,0.1175
0.3625,0.0175
0.3625,0.1225
0.3675,0.1275
0.3775,0.0225
0.3775,0.1325
0.3875,0.1375
0.3925,0.0275
0.3925,0.1425
0.4025,0.1475
0.4125,0.1525
0.4175,0.1575
0.4275,0.1625
0.4325,0.1675
0.4425,0.1725
0.4525,0.1775
0.4575,0.1825
0.4675,0.1875
0.4775,0.1925
0.4875,0.1975
