x,y
0.203578,0.00390405
0.218267,0.0133293
0.225795,0.0197323
0.228331,0.0249533
0.233409,0.0304208
0.241057,0.0358518
0.248722,0.0408641
0.256382,0.045491
0.261472,0.0499662
0.264006,0.0545364
0.271589,0.0585238
0.274096,0.0629966
0.284083,0.0662161
0.28655,0.0706172
0.293921,0.0739756
0.29634,0.0982289
0.296344,0.0932644
0.296348,0.0883
0.296353,0.0833355
0.296357,0.078371
0.3025,0.0725
0.3025,0.0775
0.3025,0.0825
0.3125,0.0875
0.3175,0.0925
0.3275,0.0975
0.3325,0.1025
0.3425,0.1075
0.3525,0.0125
0.3525,0.1125
0.3575,0.1175
0.3625,0.0175
0.3675,0.1225
0.3775,0.0225
0.3775,0.1275
0.3825,0.1325
0.3925,0.0275
0.3925,0.1375
0.4025,0.1425
0.4075,0.1475
0.4175,0.1525
0.4225,0.1575
0.4325,0.1625
0.4425,0.1675
0.4475,0.1725
0.4575,0.1775
0.4675,0.1825
0.4725,0.1875
0.4875,0.1975
