x,y
0.208409,0.00561991
0.215785,0.0127025
0.225795,0.0197323
0.230862,0.0253215
0.2385,0.0309143
0.246165,0.0360701
0.248722,0.0408641
0.256382,0.045491
0.264014,0.0497671
0.266543,0.0543052
0.274108,0.0581894
0.281607,0.0618152
0.286561,0.0657348
0.291479,0.0695932
0.296344,0.0932644
0.296348,0.0883
0.296353,0.0833355
0.296357,0.078371
0.296361,0.0734066
0.3025,0.0675
0.3025,0.0725
0.3025,0.0775
0.3125,0.0825
0.3175,0.0875
0.3275,0.0925
0.3325,0.0975
0.3425,0.1025
0.3475,0.1075
0.3575,0.0125
0.3575,0.1125
0.3675,0.1175
0.3725,0.0175
0.3725,0.1225
0.3825,0.0225
0.3825,0.1275
0.3975,0.1325
0.4025,0.0275
0.4025,0.1375
0.4075,0.1425
0.4225,0.1475
0.4275,0.1525
0.4375,0.1575
0.4475,0.1625
0.4525,0.1675
0.4625,0.1725
0.4725,0.1775
0.4825,0.1825
0.4875,0.1975
