x,y
0.208409,0.00561991
0.215785,0.0127025
0.225795,0.0197323
0.2334,0.0256439
0.241051,0.0310939
0.24361,0.0359828
0.253833,0.0408217
0.261479,0.0452032
0.264014,0.0497671
0.2716,0.053728
0.274108,0.0581894
0.284095,0.0613512
0.286561,0.0657348
0.293928,0.0690334
0.296348,0.0883
0.296353,0.0833355
0.296357,0.078371
0.296361,0.0734066
0.3025,0.0675
0.3025,0.0725
0.3075,0.0775
0.3125,0.0825
0.3225,0.0875
0.3325,0.0925
0.3375,0.0975
0.3475,0.1025
0.3575,0.0125
0.3575,0.1075
0.3625,0.1125
0.3725,0.0175
0.3725,0.1175
0.3875,0.0225
0.3875,0.1225
0.3925,0.1275
0.4025,0.0275
0.4025,0.1325
0.4125,0.1375
0.4175,0.1425
0.4275,0.1475
0.4375,0.1525
0.4475,0.1575
0.4525,0.1625
0.4625,0.1675
0.4725,0.1725
0.4825,0.1775
0.4875,0.1975
