x,y
0.203578,0.00390405
0.218267,0.0133293
0.228319,0.0201575
0.2334,0.0256439
0.2385,0.0309143
0.246165,0.0360701
0.253833,0.0408217
0.264023,0.0449978
0.266552,0.0495283
0.27412,0.0533823
0.27662,0.0578183
0.286572,0.0608524
0.28903,0.0652201
0.296348,0.0883
0.296353,0.0833355
0.296357,0.078371
0.296361,0.0734066
0.296366,0.0684421
0.3025,0.0675
0.3025,0.0725
0.3075,0.0775
0.3175,0.0825
0.3275,0.0875
0.3375,0.0925
0.3425,0.0975
0.3525,0.1025
0.3575,0.0125
0.3625,0.1075
0.3675,0.1125
0.3725,0.0175
0.3775,0.1175
0.3875,0.0225
0.3875,0.1225
0.3925,0.1275
0.4025,0.0275
0.4025,0.1325
0.4175,0.1375
0.4225,0.1425
0.4325,0.1475
0.4425,0.1525
0.4525,0.1575
0.4575,0.1625
0.4675,0.1675
0.4775,0.1725
0.4875,0.1775
0.4875,0.1975
