x,y
0.210849,0.00640693
0.218267,0.0133293
0.225795,0.0197323
0.2334,0.0256439
0.241051,0.0310939
0.248722,0.0361138
0.256386,0.0407369
0.258932,0.0453676
0.266552,0.0495283
0.27412,0.0533823
0.27662,0.0578183
0.284095,0.0613512
0.293935,0.0640913
0.296348,0.0883
0.296353,0.0833355
0.296357,0.078371
0.296361,0.0734066
0.296366,0.0684421
0.3025,0.0625
0.3025,0.0675
0.3025,0.0725
0.3125,0.0775
0.3175,0.0825
0.3275,0.0875
0.3375,0.0925
0.3425,0.0975
0.3525,0.1025
0.3625,0.0125
0.3675,0.1075
0.3725,0.1125
0.3775,0.0175
0.3825,0.1175
0.3925,0.0225
0.3925,0.1225
0.3975,0.1275
0.4075,0.0275
0.4075,0.1325
0.4225,0.1375
0.4225,0.1425
0.4325,0.1475
0.4475,0.1525
0.4525,0.1575
0.4625,0.1625
0.4725,0.1675
0.4825,0.1725
