x,y
0.205985,0.00478551
0.220762,0.0139088
0.228319,0.0201575
0.235944,0.0259206
0.243606,0.0312287
0.246165,0.0360701
0.253833,0.0408217
0.261479,0.0452032
0.271612,0.0489322
0.27412,0.0533823
0.279124,0.0574107
0.284095,0.0613512
0.291488,0.0646722
0.296348,0.0883
0.296353,0.0833355
0.296357,0.078371
0.296361,0.0734066
0.296366,0.0684421
0.3025,0.0625
0.3025,0.0675
0.3075,0.0725
0.3125,0.0775
0.3225,0.0825
0.3325,0.0875
0.3375,0.0925
0.3475,0.0975
0.3575,0.1025
0.3625,0.0125
0.3625,0.1075
0.3725,0.1125
0.3775,0.0175
0.3825,0.1175
0.3875,0.0225
0.3975,0.1225
0.4025,0.1275
0.4075,0.0275
0.4125,0.1325
0.4225,0.1375
0.4275,0.1425
0.4375,0.1475
0.4475,0.1525
0.4625,0.1575
0.4675,0.1625
0.4775,0.1675
