x,y
0.208409,0.00561991
0.215785,0.0127025
0.230851,0.0205357
0.2334,0.0256439
0.241051,0.0310939
0.248722,0.0361138
0.256386,0.0407369
0.266562,0.0447514
0.269085,0.04925
0.279137,0.0525771
0.28162,0.0569666
0.286572,0.0608524
0.291488,0.0646722
0.296353,0.0833355
0.296357,0.078371
0.296361,0.0734066
0.296366,0.0684421
0.3025,0.0625
0.3025,0.0675
0.3075,0.0725
0.3175,0.0775
0.3225,0.0825
0.3325,0.0875
0.3425,0.0925
0.3475,0.0975
0.3575,0.1025
0.3625,0.0125
0.3675,0.1075
0.3775,0.1125
0.3825,0.0175
0.3875,0.0225
0.3875,0.1175
0.3975,0.1225
0.4025,0.1275
0.4125,0.0275
0.4125,0.1325
0.4225,0.1375
0.4375,0.1425
0.4425,0.1475
0.4525,0.1525
0.4625,0.1575
0.4725,0.1625
0.4825,0.1675
