x,y
0.205985,0.00478551
0.220762,0.0139088
0.228319,0.0201575
0.235944,0.0259206
0.246163,0.0313186
0.248722,0.0361138
0.256386,0.0407369
0.264023,0.0449978
0.274132,0.0485752
0.276632,0.0529986
0.284107,0.0564863
0.286572,0.0608524
0.296353,0.0833355
0.296357,0.078371
0.296361,0.0734066
0.296366,0.0684421
0.29637,0.0634776
0.3025,0.0625
0.3025,0.0675
0.3075,0.0725
0.3175,0.0775
0.3225,0.0825
0.3375,0.0875
0.3475,0.0925
0.3525,0.0975
0.3625,0.0125
0.3625,0.1025
0.3725,0.1075
0.3775,0.0175
0.3775,0.1125
0.3875,0.1175
0.3925,0.0225
0.3975,0.1225
0.4125,0.1275
0.4175,0.1325
0.4275,0.1375
0.4375,0.1425
0.4475,0.1475
0.4575,0.1525
0.4725,0.1575
0.4775,0.1625
