x,y
0.208409,0.00561991
0.218267,0.0133293
0.228319,0.0201575
0.2334,0.0256439
0.243606,0.0312287
0.251278,0.0361138
0.261486,0.0404402
0.264023,0.0449978
0.274132,0.0485752
0.276632,0.0529986
0.286584,0.05597
0.28904,0.060319
0.296353,0.0833355
0.296357,0.078371
0.296361,0.0734066
0.296366,0.0684421
0.29637,0.0634776
0.3025,0.0625
0.3025,0.0675
0.3075,0.0725
0.3175,0.0775
0.3275,0.0825
0.3375,0.0875
0.3475,0.0925
0.3525,0.0975
0.3625,0.1025
0.3675,0.0125
0.3775,0.0175
0.3775,0.1075
0.3875,0.1125
0.3925,0.1175
0.3975,0.0225
0.4025,0.1225
0.4125,0.1275
0.4275,0.1325
0.4325,0.1375
0.4425,0.1425
0.4525,0.1475
0.4625,0.1525
0.4725,0.1575
0.4825,0.1625
