x,y
0.205985,0.00478551
0.220762,0.0139088
0.228319,0.0201575
0.235944,0.0259206
0.243606,0.0312287
0.251278,0.0361138
0.258938,0.0406097
0.266562,0.0447514
0.271612,0.0489322
0.28162,0.0569666
0.281632,0.052118
0.291496,0.0597512
0.296353,0.0833355
0.296357,0.078371
0.296361,0.0734066
0.296366,0.0684421
0.29637,0.0634776
0.3025,0.0575
0.3025,0.0625
0.3025,0.0675
0.3125,0.0725
0.3175,0.0775
0.3275,0.0825
0.3425,0.0875
0.3525,0.0925
0.3575,0.0975
0.3625,0.0125
0.3675,0.1025
0.3775,0.0175
0.3775,0.1075
0.3925,0.1125
0.3925,0.1175
0.4025,0.0225
0.4075,0.1225
0.4175,0.1275
0.4325,0.1325
0.4325,0.1375
0.4475,0.1425
0.4575,0.1475
0.4675,0.1525
0.4775,0.1575
