x,y
0.205985,0.00478551
0.223268,0.0144409
0.230851,0.0205357
0.238493,0.0261513
0.248721,0.0313635
0.251278,0.0361138
0.258938,0.0406097
0.269096,0.0444643
0.271612,0.0489322
0.281632,0.052118
0.286584,0.05597
0.293942,0.0591491
0.296353,0.0833355
0.296357,0.078371
0.296361,0.0734066
0.296366,0.0684421
0.29637,0.0634776
0.3025,0.0575
0.3025,0.0625
0.3025,0.0675
0.3125,0.0725
0.3275,0.0775
0.3325,0.0825
0.3425,0.0875
0.3525,0.0925
0.3625,0.0975
0.3675,0.0125
0.3725,0.1025
0.3825,0.0175
0.3825,0.1075
0.3925,0.1125
0.3975,0.0225
0.4025,0.1175
0.4125,0.1225
0.4225,0.1275
0.4325,0.1325
0.4425,0.1375
0.4575,0.1425
0.4625,0.1475
0.4725,0.1525
0.4825,0.1575
