x,y
0.208409,0.00561991
0.218267,0.0133293
0.23339,0.0208671
0.235944,0.0259206
0.243606,0.0312287
0.253835,0.0360701
0.261486,0.0404402
0.266562,0.0447514
0.274132,0.0485752
0.279137,0.0525771
0.28905,0.0554179
0.296357,0.078371
0.296361,0.0734066
0.296366,0.0684421
0.29637,0.0634776
0.296374,0.0585132
0.3025,0.0575
0.3025,0.0625
0.3075,0.0675
0.3175,0.0725
0.3225,0.0775
0.3325,0.0825
0.3475,0.0875
0.3575,0.0925
0.3625,0.0975
0.3675,0.0125
0.3725,0.1025
0.3875,0.0175
0.3875,0.1075
0.3975,0.1125
0.4025,0.0225
0.4025,0.1175
0.4125,0.1225
0.4275,0.1275
0.4375,0.1325
0.4475,0.1375
0.4575,0.1425
0.4675,0.1475
0.4775,0.1525
