x,y
0.208409,0.00561991
0.218267,0.0133293
0.23339,0.0208671
0.235944,0.0259206
0.246163,0.0313186
0.253835,0.0360701
0.261486,0.0404402
0.266562,0.0447514
0.276645,0.0481789
0.286595,0.0510876
0.28905,0.0554179
0.296357,0.078371
0.296361,0.0734066
0.296366,0.0684421
0.29637,0.0634776
0.296374,0.0585132
0.3025,0.0575
0.3025,0.0625
0.3075,0.0675
0.3175,0.0725
0.3275,0.0775
0.3425,0.0825
0.3475,0.0875
0.3575,0.0925
0.3675,0.0975
0.3725,0.0125
0.3775,0.1025
0.3825,0.0175
0.3925,0.1075
0.4025,0.1125
0.4075,0.0225
0.4175,0.1175
0.4175,0.1225
0.4325,0.1275
0.4425,0.1325
0.4575,0.1375
0.4625,0.1425
0.4725,0.1475
