x,y
0.213304,0.00714625
0.220762,0.0139088
0.230851,0.0205357
0.238493,0.0261513
0.246163,0.0313186
0.253835,0.0360701
0.261486,0.0404402
0.269096,0.0444643
0.279149,0.0477436
0.281632,0.052118
0.291505,0.0548301
0.296357,0.078371
0.296361,0.0734066
0.296366,0.0684421
0.29637,0.0634776
0.296374,0.0585132
0.3025,0.0525
0.3025,0.0575
0.3075,0.0625
0.3125,0.0675
0.3175,0.0725
0.3325,0.0775
0.3375,0.0825
0.3525,0.0875
0.3625,0.0925
0.3725,0.0125
0.3725,0.0975
0.3825,0.1025
0.3875,0.0175
0.3975,0.1075
0.4025,0.0225
0.4025,0.1125
0.4125,0.1175
0.4225,0.1225
0.4375,0.1275
0.4475,0.1325
0.4625,0.1375
0.4725,0.1425
0.4775,0.1475
