x,y
0.208409,0.00561991
0.225783,0.0149252
0.23339,0.0208671
0.241045,0.026336
0.248721,0.0313635
0.25639,0.0359828
0.264031,0.0402285
0.271623,0.0441364
0.279149,0.0477436
0.284119,0.0516215
0.291505,0.0548301
0.296357,0.078371
0.296361,0.0734066
0.296366,0.0684421
0.29637,0.0634776
0.296374,0.0585132
0.3025,0.0525
0.3025,0.0575
0.3025,0.0625
0.3175,0.0675
0.3225,0.0725
0.3325,0.0775
0.3475,0.0825
0.3575,0.0875
0.3725,0.0125
0.3725,0.0925
0.3775,0.0975
0.3875,0.1025
0.3925,0.0175
0.4025,0.1075
0.4125,0.0225
0.4125,0.1125
0.4275,0.1175
0.4275,0.1225
0.4425,0.1275
0.4525,0.1325
0.4675,0.1375
0.4725,0.1425
