x,y
0.210849,0.00640693
0.220762,0.0139088
0.235935,0.0211513
0.243602,0.0264746
0.251279,0.0313635
0.258943,0.0358518
0.264031,0.0402285
0.274144,0.043768
0.276645,0.0481789
0.286595,0.0510876
0.28905,0.0554179
0.296357,0.078371
0.296361,0.0734066
0.296366,0.0684421
0.29637,0.0634776
0.296374,0.0585132
0.3025,0.0525
0.3025,0.0575
0.3025,0.0625
0.3175,0.0675
0.3275,0.0725
0.3375,0.0775
0.3475,0.0825
0.3575,0.0875
0.3675,0.0925
0.3775,0.0125
0.3775,0.0975
0.3925,0.1025
0.3975,0.0175
0.4025,0.1075
0.4125,0.0225
0.4125,0.1125
0.4275,0.1175
0.4375,0.1225
0.4525,0.1275
0.4575,0.1325
0.4675,0.1375
0.4775,0.1425
