x,y
0.205985,0.00478551
0.220762,0.0139088
0.235935,0.0211513
0.238493,0.0261513
0.248721,0.0313635
0.261493,0.0356773
0.269106,0.0396786
0.271623,0.0441364
0.281645,0.0472694
0.284119,0.0516215
0.291505,0.0548301
0.296361,0.0734066
0.296366,0.0684421
0.29637,0.0634776
0.296374,0.0585132
0.3025,0.0525
0.3025,0.0575
0.3075,0.0625
0.3225,0.0675
0.3275,0.0725
0.3375,0.0775
0.3475,0.0825
0.3625,0.0875
0.3775,0.0125
0.3775,0.0925
0.3775,0.0975
0.3925,0.1025
0.3975,0.0175
0.4075,0.1075
0.4125,0.0225
0.4175,0.1125
0.4325,0.1175
0.4375,0.1225
0.4475,0.1275
0.4625,0.1325
0.4725,0.1375
0.4825,0.1425
