x,y
0.208409,0.00561991
0.223268,0.0144409
0.23339,0.0208671
0.241045,0.026336
0.253837,0.0313186
0.25639,0.0359828
0.266571,0.0399746
0.276657,0.0433592
0.279149,0.0477436
0.28906,0.0505168
0.291505,0.0548301
0.296361,0.0734066
0.296366,0.0684421
0.29637,0.0634776
0.296374,0.0585132
0.3025,0.0525
0.3025,0.0575
0.3125,0.0625
0.3225,0.0675
0.3375,0.0725
0.3425,0.0775
0.3525,0.0825
0.3675,0.0875
0.3775,0.0125
0.3775,0.0925
0.3925,0.0975
0.3975,0.0175
0.3975,0.1025
0.4125,0.1075
0.4225,0.1125
0.4375,0.1175
0.4425,0.1225
0.4575,0.1275
0.4675,0.1325
0.4825,0.1375
