x,y
0.210849,0.00640693
0.228308,0.0153617
0.235935,0.0211513
0.243602,0.0264746
0.251279,0.0313635
0.258943,0.0358518
0.269106,0.0396786
0.274144,0.043768
0.284131,0.0467566
0.286595,0.0510876
0.296361,0.0734066
0.296366,0.0684421
0.29637,0.0634776
0.296374,0.0585132
0.296379,0.0535487
0.3025,0.0525
0.3025,0.0575
0.3125,0.0625
0.3225,0.0675
0.3375,0.0725
0.3525,0.0775
0.3525,0.0825
0.3675,0.0875
0.3825,0.0125
0.3825,0.0925
0.3925,0.0975
0.4025,0.0175
0.4075,0.1025
0.4125,0.1075
0.4275,0.1125
0.4375,0.1175
0.4525,0.1225
0.4575,0.1275
0.4725,0.1325
