x,y
0.208409,0.00561991
0.223268,0.0144409
0.235935,0.0211513
0.24616,0.026567
0.253837,0.0313186
0.261493,0.0356773
0.269106,0.0396786
0.276657,0.0433592
0.281645,0.0472694
0.291514,0.0499091
0.293948,0.054207
0.296361,0.0734066
0.296366,0.0684421
0.29637,0.0634776
0.296374,0.0585132
0.3025,0.0475
0.3025,0.0525
0.3025,0.0575
0.3125,0.0625
0.3225,0.0675
0.3375,0.0725
0.3525,0.0775
0.3575,0.0825
0.3675,0.0875
0.3825,0.0125
0.3825,0.0925
0.3925,0.0975
0.4075,0.0175
0.4075,0.1025
0.4225,0.1075
0.4275,0.1125
0.4375,0.1175
0.4525,0.1225
0.4675,0.1275
0.4775,0.1325
