x,y
0.213304,0.00714625
0.223268,0.0144409
0.235935,0.0211513
0.24616,0.026567
0.256394,0.0312287
0.261493,0.0356773
0.271635,0.0393406
0.276657,0.0433592
0.286606,0.0462053
0.28906,0.0505168
0.296361,0.0734066
0.296366,0.0684421
0.29637,0.0634776
0.296374,0.0585132
0.296379,0.0535487
0.3025,0.0475
0.3025,0.0525
0.3075,0.0575
0.3175,0.0625
0.3225,0.0675
0.3375,0.0725
0.3475,0.0775
0.3625,0.0825
0.3725,0.0875
0.3875,0.0125
0.3875,0.0925
0.4025,0.0975
0.4125,0.0175
0.4125,0.1025
0.4175,0.1075
0.4325,0.1125
0.4425,0.1175
0.4575,0.1225
0.4675,0.1275
0.4775,0.1325
