x,y
0.208409,0.00561991
0.223268,0.0144409
0.235935,0.0211513
0.24616,0.026567
0.253837,0.0313186
0.261493,0.0356773
0.266571,0.0399746
0.276657,0.0433592
0.286606,0.0462053
0.28906,0.0505168
0.296361,0.0734066
0.296366,0.0684421
0.29637,0.0634776
0.296374,0.0585132
0.296379,0.0535487
0.3025,0.0475
0.3025,0.0525
0.3025,0.0575
0.3125,0.0625
0.3275,0.0675
0.3425,0.0725
0.3475,0.0775
0.3675,0.0825
0.3725,0.0875
0.3825,0.0925
0.3925,0.0125
0.3975,0.0175
0.3975,0.0975
0.4125,0.1025
0.4225,0.1075
0.4375,0.1125
0.4425,0.1175
0.4575,0.1225
0.4725,0.1275
