x,y
0.215773,0.0078376
0.223268,0.0144409
0.238485,0.0213883
0.24872,0.0266132
0.251279,0.0313635
0.26404,0.0354592
0.274156,0.0389609
0.276657,0.0433592
0.286606,0.0462053
0.28906,0.0505168
0.296361,0.0734066
0.296366,0.0684421
0.29637,0.0634776
0.296374,0.0585132
0.296379,0.0535487
0.3025,0.0475
0.3025,0.0525
0.3075,0.0575
0.3225,0.0625
0.3275,0.0675
0.3475,0.0725
0.3525,0.0775
0.3675,0.0825
0.3775,0.0875
0.3875,0.0125
0.3875,0.0925
0.4025,0.0975
0.4075,0.0175
0.4125,0.1025
0.4275,0.1075
0.4375,0.1125
0.4525,0.1175
0.4625,0.1225
0.4775,0.1275
