x,y
0.205985,0.00478551
0.230841,0.01575
0.238485,0.0213883
0.24616,0.026567
0.251279,0.0313635
0.26404,0.0354592
0.274156,0.0389609
0.276657,0.0433592
0.286606,0.0462053
0.28906,0.0505168
0.296366,0.0684421
0.29637,0.0634776
0.296374,0.0585132
0.296379,0.0535487
0.3025,0.0475
0.3025,0.0525
0.3125,0.0575
0.3225,0.0625
0.3375,0.0675
0.3525,0.0725
0.3525,0.0775
0.3675,0.0825
0.3825,0.0875
0.3925,0.0125
0.3975,0.0925
0.4025,0.0975
0.4125,0.0175
0.4175,0.1025
0.4375,0.1075
0.4525,0.1125
0.4675,0.1175
0.4725,0.1225
