x,y
0.210849,0.00640693
0.225783,0.0149252
0.238485,0.0213883
0.24872,0.0266132
0.256394,0.0312287
0.266581,0.0351977
0.269106,0.0396786
0.279162,0.04291
0.284131,0.0467566
0.293955,0.0492648
0.296366,0.0684421
0.29637,0.0634776
0.296374,0.0585132
0.296379,0.0535487
0.3025,0.0475
0.3025,0.0525
0.3125,0.0575
0.3275,0.0625
0.3325,0.0675
0.3425,0.0725
0.3575,0.0775
0.3725,0.0825
0.3875,0.0875
0.3925,0.0925
0.3975,0.0125
0.4125,0.0975
0.4175,0.0175
0.4275,0.1025
0.4425,0.1075
0.4575,0.1125
0.4575,0.1175
0.4725,0.1225
