x,y
0.215773,0.0078376
0.230841,0.01575
0.24104,0.0215781
0.24872,0.0266132
0.253837,0.0313186
0.26404,0.0354592
0.274156,0.0389609
0.276657,0.0433592
0.28907,0.0456157
0.291514,0.0499091
0.296366,0.0684421
0.29637,0.0634776
0.296374,0.0585132
0.296379,0.0535487
0.3025,0.0475
0.3025,0.0525
0.3125,0.0575
0.3275,0.0625
0.3425,0.0675
0.3575,0.0725
0.3575,0.0775
0.3725,0.0825
0.3875,0.0875
0.3975,0.0125
0.4025,0.0925
0.4075,0.0975
0.4225,0.1025
0.4275,0.0175
0.4425,0.1075
0.4575,0.1125
0.4725,0.1175
0.4775,0.1225
