x,y
0.210849,0.00640693
0.225783,0.0149252
0.24104,0.0215781
0.24616,0.026567
0.256394,0.0312287
0.266581,0.0351977
0.27667,0.0385395
0.281658,0.0424208
0.291522,0.0449881
0.293955,0.0492648
0.296366,0.0684421
0.29637,0.0634776
0.296374,0.0585132
0.296379,0.0535487
0.3025,0.0425
0.3025,0.0475
0.3025,0.0525
0.3225,0.0575
0.3275,0.0625
0.3375,0.0675
0.3525,0.0725
0.3675,0.0775
0.3775,0.0825
0.3925,0.0875
0.3975,0.0125
0.4075,0.0925
0.4175,0.0175
0.4175,0.0975
0.4325,0.1025
0.4475,0.1075
0.4575,0.1125
0.4725,0.1175
