x,y
0.213304,0.00714625
0.230841,0.01575
0.24104,0.0215781
0.24616,0.026567
0.258949,0.0310939
0.269117,0.0348929
0.274156,0.0389609
0.284143,0.0418917
0.286606,0.0462053
0.296366,0.0684421
0.29637,0.0634776
0.296374,0.0585132
0.296379,0.0535487
0.296383,0.0485842
0.3025,0.0475
0.3025,0.0525
0.3125,0.0575
0.3275,0.0625
0.3375,0.0675
0.3525,0.0725
0.3675,0.0775
0.3825,0.0825
0.3925,0.0875
0.4025,0.0125
0.4075,0.0925
0.4225,0.0175
0.4225,0.0975
0.4375,0.1025
0.4475,0.1075
0.4625,0.1125
0.4725,0.1175
