x,y
0.208409,0.00561991
0.225783,0.0149252
0.24104,0.0215781
0.24872,0.0266132
0.2615,0.0309143
0.266581,0.0351977
0.27667,0.0385395
0.279162,0.04291
0.291522,0.0449881
0.293955,0.0492648
0.296366,0.0684421
0.29637,0.0634776
0.296374,0.0585132
0.296379,0.0535487
0.3025,0.0425
0.3025,0.0475
0.3025,0.0525
0.3175,0.0575
0.3275,0.0625
0.3425,0.0675
0.3525,0.0725
0.3675,0.0775
0.3825,0.0825
0.3975,0.0875
0.4025,0.0125
0.4125,0.0925
0.4175,0.0975
0.4275,0.0175
0.4375,0.1025
0.4475,0.1075
0.4625,0.1125
0.4775,0.1175
