x,y
0.208409,0.00561991
0.228308,0.0153617
0.24104,0.0215781
0.25128,0.0266132
0.264048,0.0306899
0.266581,0.0351977
0.27667,0.0385395
0.281658,0.0424208
0.291522,0.0449881
0.296366,0.0684421
0.29637,0.0634776
0.296374,0.0585132
0.296379,0.0535487
0.296383,0.0485842
0.3025,0.0425
0.3025,0.0475
0.3025,0.0525
0.3175,0.0575
0.3325,0.0625
0.3475,0.0675
0.3625,0.0725
0.3775,0.0775
0.3825,0.0825
0.3975,0.0875
0.4075,0.0125
0.4125,0.0925
0.4225,0.0175
0.4275,0.0975
0.4525,0.1025
0.4525,0.1075
0.4675,0.1125
