x,y
0.213304,0.00714625
0.230841,0.01575
0.243598,0.0217204
0.24616,0.026567
0.258949,0.0310939
0.271646,0.0345448
0.274156,0.0389609
0.284143,0.0418917
0.28907,0.0456157
0.296366,0.0684421
0.29637,0.0634776
0.296374,0.0585132
0.296379,0.0535487
0.296383,0.0485842
0.3025,0.0425
0.3025,0.0475
0.3075,0.0525
0.3175,0.0575
0.3325,0.0625
0.3475,0.0675
0.3625,0.0725
0.3725,0.0775
0.3875,0.0825
0.4025,0.0875
0.4075,0.0125
0.4125,0.0925
0.4225,0.0175
0.4275,0.0975
0.4425,0.1025
0.4575,0.1075
0.4725,0.1125
